4.212443e-01, 2.067564e-02, 1.181641e-02, 2.067564e-02, 8.154889e-01, 7.462179e-02, 1.181641e-02, 7.462179e-02, 1.114875e+00
2.037363e-01, 1.900980e-02, -4.185020e-02, 1.900980e-02, 1.082871e+00, 4.807020e-01, -4.185020e-02, 4.807020e-01, 1.308648e+00
1.083347e-01, -4.712540e-02, -5.130913e-02, -4.712540e-02, 1.352586e+00, 4.676417e-01, -5.130913e-02, 4.676417e-01, 1.032828e+00
5.314458e-02, -1.700877e-02, -3.711113e-03, -1.700877e-02, 1.579992e+00, 2.027134e-01, -3.711113e-03, 2.027134e-01, 8.589829e-01
4.001341e-02, -4.599533e-02, -1.665248e-02, -4.599533e-02, 1.453237e+00, 2.119300e-01, -1.665248e-02, 2.119300e-01, 6.758842e-01
3.751211e-02, -2.826259e-02, -2.762538e-02, -2.826259e-02, 1.604259e+00, 1.882555e-01, -2.762538e-02, 1.882555e-01, 4.237343e-01
3.635220e-02, -9.861803e-03, -5.431124e-02, -9.861803e-03, 1.670468e+00, 3.392722e-01, -5.431124e-02, 3.392722e-01, 6.874886e-01
2.695342e-02, 3.112449e-02, -4.507610e-02, 3.112449e-02, 2.032732e+00, 1.759868e-01, -4.507610e-02, 1.759868e-01, 5.907948e-01
2.947368e-02, 2.803833e-02, -4.389730e-02, 2.803833e-02, 1.744628e+00, 4.439508e-02, -4.389730e-02, 4.439508e-02, 5.490405e-01
3.101140e-02, 4.841897e-02, -8.756793e-02, 4.841897e-02, 1.860577e+00, -2.309685e-01, -8.756793e-02, -2.309685e-01, 7.439794e-01
2.653385e-02, 3.813451e-02, -6.254160e-02, 3.813451e-02, 1.880783e+00, -2.326353e-01, -6.254160e-02, -2.326353e-01, 4.852208e-01
3.023503e-02, 8.691964e-02, -5.986188e-02, 8.691964e-02, 1.717359e+00, -2.928750e-01, -5.986188e-02, -2.928750e-01, 3.932534e-01
2.803368e-02, 4.533264e-02, -2.540181e-02, 4.533264e-02, 1.359242e+00, -3.149714e-01, -2.540181e-02, -3.149714e-01, 4.024516e-01
3.008167e-02, 3.659215e-02, -8.815707e-02, 3.659215e-02, 8.554867e-01, -2.854544e-01, -8.815707e-02, -2.854544e-01, 8.018977e-01
2.394033e-02, 3.354533e-02, -5.902694e-02, 3.354533e-02, 6.379637e-01, -2.654810e-01, -5.902694e-02, -2.654810e-01, 6.445338e-01
2.332573e-02, 3.744637e-02, -5.280587e-02, 3.744637e-02, 5.028252e-01, -1.946606e-01, -5.280587e-02, -1.946606e-01, 6.060714e-01
2.116747e-02, 2.949897e-02, -5.289272e-02, 2.949897e-02, 3.544925e-01, -1.327344e-01, -5.289272e-02, -1.327344e-01, 7.085483e-01
1.408324e-02, 2.111935e-02, -3.284289e-02, 2.111935e-02, 2.614390e-01, -1.649377e-01, -3.284289e-02, -1.649377e-01, 7.111293e-01
9.608950e-03, 2.516087e-02, -1.383315e-02, 2.516087e-02, 2.634900e-01, -1.270341e-01, -1.383315e-02, -1.270341e-01, 8.208077e-01
6.583448e-03, 1.771648e-02, -2.114314e-02, 1.771648e-02, 2.102793e-01, -1.402901e-01, -2.114314e-02, -1.402901e-01, 1.017206e+00
5.722662e-03, 1.078035e-02, -8.007182e-03, 1.078035e-02, 1.249445e-01, -1.292184e-01, -8.007182e-03, -1.292184e-01, 1.099598e+00
5.018412e-03, 7.043125e-03, -4.191978e-03, 7.043125e-03, 1.044356e-01, -1.717359e-01, -4.191978e-03, -1.717359e-01, 1.163210e+00
5.213248e-03, 9.634586e-03, -1.073611e-02, 9.634586e-03, 1.276116e-01, -1.637630e-01, -1.073611e-02, -1.637630e-01, 1.000150e+00
3.246718e-03, 3.208399e-03, 3.191710e-04, 3.208399e-03, 9.119433e-02, -1.111155e-01, 3.191710e-04, -1.111155e-01, 1.545279e+00
2.070559e-03, 7.266449e-03, -6.287749e-03, 7.266449e-03, 1.269053e-01, -1.427122e-01, -6.287749e-03, -1.427122e-01, 1.802997e+00
1.678996e-03, 5.752086e-03, -2.709541e-03, 5.752086e-03, 9.899429e-02, -1.606088e-01, -2.709541e-03, -1.606088e-01, 1.787577e+00
1.193839e-03, 4.986516e-03, -3.212336e-03, 4.986516e-03, 8.809293e-02, -1.689987e-01, -3.212336e-03, -1.689987e-01, 1.794633e+00
6.967941e-04, 3.435810e-03, -3.322434e-03, 3.435810e-03, 6.853610e-02, -1.379839e-01, -3.322434e-03, -1.379839e-01, 2.056943e+00
4.325987e-04, 2.083855e-03, 1.027168e-03, 2.083855e-03, 4.861883e-02, -8.351256e-02, 1.027168e-03, -8.351256e-02, 2.507686e+00
3.016038e-04, 9.785623e-04, 4.409325e-03, 9.785623e-04, 3.113064e-02, -4.880871e-02, 4.409325e-03, -4.880871e-02, 2.711882e+00
2.334045e-04, 4.165009e-04, 2.443288e-03, 4.165009e-04, 2.621859e-02, -6.612581e-02, 2.443288e-03, -6.612581e-02, 2.551372e+00
2.119249e-04, 2.736535e-04, 3.932032e-03, 2.736535e-04, 2.350749e-02, -1.093809e-01, 3.932032e-03, -1.093809e-01, 2.748986e+00
1.806623e-04, 2.470904e-04, 1.885018e-03, 2.470904e-04, 2.204713e-02, -1.601118e-01, 1.885018e-03, -1.601118e-01, 2.823814e+00
1.705003e-04, 3.044476e-04, 1.719073e-03, 3.044476e-04, 2.115096e-02, -1.610640e-01, 1.719073e-03, -1.610640e-01, 2.639237e+00
1.705398e-04, 2.476393e-04, 3.156391e-03, 2.476393e-04, 1.937263e-02, -1.571091e-01, 3.156391e-03, -1.571091e-01, 2.469929e+00
1.974707e-04, 1.356136e-04, 3.789726e-03, 1.356136e-04, 1.506453e-02, -1.373935e-01, 3.789726e-03, -1.373935e-01, 2.384086e+00
2.161153e-04, 1.144086e-04, 5.132186e-03, 1.144086e-04, 1.487256e-02, -1.405280e-01, 5.132186e-03, -1.405280e-01, 2.435108e+00
2.249787e-04, 8.966587e-05, 2.997419e-03, 8.966587e-05, 1.303616e-02, -1.160850e-01, 2.997419e-03, -1.160850e-01, 2.077903e+00
2.377014e-04, 9.375115e-05, 4.133505e-03, 9.375115e-05, 1.238053e-02, -1.216226e-01, 4.133505e-03, -1.216226e-01, 2.090018e+00
2.994922e-04, -3.728057e-05, 7.404325e-03, -3.728057e-05, 1.166242e-02, -1.087422e-01, 7.404325e-03, -1.087422e-01, 1.662479e+00
2.115757e-04, 2.303802e-04, -1.289242e-03, 2.303802e-04, 1.141460e-02, -1.098179e-01, -1.289242e-03, -1.098179e-01, 1.618875e+00
2.271111e-04, 4.443727e-05, 2.463573e-03, 4.443727e-05, 1.002631e-02, -9.052618e-02, 2.463573e-03, -9.052618e-02, 1.191161e+00
2.256413e-04, -1.792690e-05, 8.600734e-04, -1.792690e-05, 8.084848e-03, -7.854199e-02, 8.600734e-04, -7.854199e-02, 1.059773e+00
1.666208e-04, 8.912103e-05, -5.892213e-04, 8.912103e-05, 1.083837e-02, -8.239393e-02, -5.892213e-04, -8.239393e-02, 9.107063e-01
1.271394e-04, 1.633523e-04, -2.141688e-03, 1.633523e-04, 9.863838e-03, -7.343208e-02, -2.141688e-03, -7.343208e-02, 8.658641e-01
8.396414e-05, 1.273040e-04, -1.723582e-03, 1.273040e-04, 1.639982e-02, -9.128580e-02, -1.723582e-03, -9.128580e-02, 8.063076e-01
5.321465e-05, 1.386769e-04, -1.067579e-03, 1.386769e-04, 1.944347e-02, -1.044328e-01, -1.067579e-03, -1.044328e-01, 8.578087e-01
3.420136e-05, 1.152605e-04, -7.347586e-04, 1.152605e-04, 1.843425e-02, -1.300616e-01, -7.347586e-04, -1.300616e-01, 1.194205e+00
2.159718e-05, 1.151979e-04, -6.855277e-04, 1.151979e-04, 2.109899e-02, -1.614553e-01, -6.855277e-04, -1.614553e-01, 1.534040e+00
1.498890e-05, 5.763997e-05, 3.649334e-06, 5.763997e-05, 2.507923e-02, -1.963737e-01, 3.649334e-06, -1.963737e-01, 1.775045e+00
9.701781e-06, 1.764880e-05, 2.839723e-04, 1.764880e-05, 2.799138e-02, -2.297093e-01, 2.839723e-04, -2.297093e-01, 2.056012e+00
9.176349e-06, 1.388546e-05, 2.228783e-04, 1.388546e-05, 2.337016e-02, -1.919327e-01, 2.228783e-04, -1.919327e-01, 1.709600e+00
8.891403e-06, -1.471966e-05, 2.007926e-04, -1.471966e-05, 3.037333e-02, -2.320120e-01, 2.007926e-04, -2.320120e-01, 1.893639e+00
9.717619e-06, 1.403860e-04, -1.187606e-03, 1.403860e-04, 3.670305e-02, -2.648801e-01, -1.187606e-03, -2.648801e-01, 2.027544e+00
6.470659e-06, 1.115611e-04, -9.618178e-04, 1.115611e-04, 4.443256e-02, -2.908442e-01, -9.618178e-04, -2.908442e-01, 2.032806e+00
