9.368809e-01, -4.570487e-03, 5.673556e-04, -1.408505e-03, 3.601519e-03, 7.446354e-03, 1.102507e-02, -8.408521e-03, 8.928290e-03, 1.187964e-03, -1.730494e-02, -2.579122e-04, -1.300062e-02, 4.162029e-03, 3.282436e-04, 4.424580e-03, -3.854826e-03, -9.643839e-04, -3.282468e-03, -1.895099e-02, -7.113519e-03, -6.987253e-03, -1.938784e-03, 5.397161e-03, -5.240971e-03, 1.468833e-02, 4.283810e-03, 3.033177e-03, 1.963425e-03, -1.412220e-02, -9.064416e-03, 5.869866e-04, -6.635907e-03, 1.008832e-02, 3.353105e-03, -5.941142e-03, -7.671424e-03, 3.451380e-03, 5.449227e-03, 1.637424e-03, -4.570487e-03, 9.419819e-01, -1.367256e-02, 3.192691e-03, 7.344828e-03, 1.676406e-05, 5.186593e-04, 2.329700e-03, 6.008066e-03, -2.068487e-03, 1.150419e-02, -2.794647e-03, -2.600277e-03, -3.323389e-03, 2.246646e-03, 1.476747e-02, 8.434977e-04, -5.283312e-03, 4.489462e-03, -4.581003e-04, 1.174160e-02, -8.943519e-03, -1.548692e-02, 7.558022e-04, 1.474561e-02, -3.711728e-03, 4.384613e-03, -2.335595e-02, 5.040156e-03, -5.416840e-03, -1.817231e-03, -7.952422e-03, -1.560844e-02, 9.772862e-03, -3.698069e-06, 1.639824e-02, -1.863147e-03, 9.371386e-03, 3.484989e-03, 1.612505e-02, 5.673556e-04, -1.367256e-02, 9.470615e-01, -7.273616e-03, -2.060034e-02, -2.520977e-03, 4.369044e-03, -8.621386e-04, -1.398505e-02, -6.739165e-03, 1.554469e-02, -7.928314e-03, -1.765004e-04, 7.066722e-03, 1.173005e-02, -1.073271e-02, 8.401084e-03, -8.863629e-03, -5.325432e-03, -1.070430e-02, 6.753387e-03, 1.424790e-02, 1.033922e-04, -4.206413e-03, -1.185318e-02, 1.079582e-02, -1.163960e-02, -8.321369e-03, -9.353729e-03, 3.660953e-04, 3.038036e-03, -5.002803e-03, 1.173557e-02, 7.968865e-03, 1.312067e-02, -2.946901e-03, -3.963494e-03, -6.642672e-03, -1.424125e-02, -5.678078e-03, -1.408505e-03, 3.192691e-03, -7.273616e-03, 9.370316e-01, -5.765600e-03, 1.155725e-02, 2.040551e-03, 1.115323e-02, 1.399635e-02, 9.393654e-04, 4.541239e-03, -1.760901e-02, 1.244871e-02, 8.607326e-03, 1.001266e-02, 4.182045e-03, 1.053097e-02, 4.245296e-04, -1.830594e-02, -1.029108e-02, 1.185097e-02, 8.020074e-04, 1.316083e-02, 7.233452e-03, 2.375602e-04, -1.658777e-02, 4.016256e-03, -1.358825e-02, -9.680776e-03, -8.386500e-03, 7.122505e-03, 6.009124e-03, -3.783178e-03, 1.096519e-02, 5.479632e-03, -1.871588e-03, -4.358657e-03, 5.431345e-03, 8.189311e-03, -5.989897e-03, 3.601519e-03, 7.344828e-03, -2.060034e-02, -5.765600e-03, 9.555310e-01, 2.393716e-03, 1.285228e-02, -4.647059e-03, 5.253068e-03, -8.210213e-03, -1.856909e-02, 1.343909e-02, -7.619044e-03, -1.157523e-02, 2.035101e-03, 2.560819e-02, -1.413734e-03, 1.254194e-02, -1.857431e-02, 6.897198e-03, -8.644221e-03, 4.436424e-03, 1.686539e-02, -4.861730e-03, -5.281894e-03, 1.196861e-03, -9.487986e-03, 2.836839e-03, -8.647775e-03, 1.044115e-02, -8.728790e-03, -5.185806e-03, -3.990831e-03, -5.935292e-03, -9.211826e-04, -9.606053e-04, 1.368056e-02, 4.777019e-04, -1.798632e-03, 1.612208e-02, 7.446354e-03, 1.676406e-05, -2.520977e-03, 1.155725e-02, 2.393716e-03, 9.461406e-01, -9.770001e-03, -1.655876e-02, 8.682054e-03, 3.110587e-03, -7.014113e-03, 1.983252e-03, -1.174040e-02, -1.014036e-02, -2.775065e-03, 1.652050e-02, -4.157671e-03, -2.253523e-03, -6.296866e-03, -1.549318e-02, 6.635293e-05, 8.777282e-03, 1.644062e-02, -1.250288e-03, 6.530665e-03, -3.557430e-03, -6.026894e-04, 5.613827e-03, -1.482752e-02, 4.874668e-03, 1.375971e-02, -7.214400e-03, -2.855127e-02, -6.029981e-03, -2.778598e-03, -6.573580e-04, 6.304303e-03, 4.694644e-03, -1.202057e-02, 2.255064e-02, 1.102507e-02, 5.186593e-04, 4.369044e-03, 2.040551e-03, 1.285228e-02, -9.770001e-03, 9.258322e-01, -9.996846e-03, 5.634512e-03, -2.912336e-03, -1.099351e-02, 1.275089e-03, -4.549069e-03, 7.412707e-03, -2.918791e-04, 9.574516e-03, 1.931201e-04, -9.579022e-03, -1.383604e-02, -8.121587e-03, -7.788112e-04, -1.401181e-02, 8.824531e-03, -1.490407e-02, -1.820315e-02, -8.231715e-03, -1.103290e-02, 4.710199e-04, -1.091512e-02, 4.558959e-03, -3.694509e-03, 6.355407e-03, 2.059650e-02, 4.640796e-03, -1.159698e-02, -2.037615e-03, 2.269991e-03, -7.033850e-03, 5.805948e-03, -4.192168e-03, -8.408521e-03, 2.329700e-03, -8.621386e-04, 1.115323e-02, -4.647059e-03, -1.655876e-02, -9.996846e-03, 9.214462e-01, -4.921847e-03, 6.269501e-03, 2.505909e-03, -2.921733e-03, 1.119128e-02, 1.505406e-03, -5.917430e-03, -7.014581e-03, 2.417811e-02, 6.742943e-03, 1.523725e-02, 2.705973e-03, -6.640938e-03, 6.479589e-04, 7.709708e-03, -5.272179e-04, 1.921528e-02, -9.637661e-03, 8.960576e-03, 6.038214e-05, 7.424783e-03, -6.568573e-03, -1.870800e-03, -5.207746e-03, 2.334124e-04, 9.617868e-04, -4.065675e-03, -6.025371e-03, -1.157407e-02, 5.874149e-03, 7.878856e-03, -1.678378e-02, 8.928290e-03, 6.008066e-03, -1.398505e-02, 1.399635e-02, 5.253068e-03, 8.682054e-03, 5.634512e-03, -4.921847e-03, 9.423067e-01, 1.427460e-02, 8.203508e-03, -3.761658e-03, 1.305865e-02, 1.351894e-02, 1.277922e-03, -4.298323e-03, 2.389980e-02, -7.837967e-03, -4.318919e-03, 1.195040e-02, 5.730649e-03, 2.118029e-03, 8.036801e-03, 4.498587e-03, 9.259024e-03, 4.509498e-03, 6.866211e-03, 1.918206e-02, -3.249035e-04, 1.063863e-02, -7.590754e-03, -1.283241e-02, 4.016882e-03, 1.866794e-03, -5.781263e-03, -6.651215e-03, -3.815950e-03, 1.307702e-03, 7.808857e-03, -4.004710e-04, 1.187964e-03, -2.068487e-03, -6.739165e-03, 9.393654e-04, -8.210213e-03, 3.110587e-03, -2.912336e-03, 6.269501e-03, 1.427460e-02, 9.399925e-01, -9.076219e-03, 4.397083e-03, 1.361850e-02, 8.013410e-03, 5.667888e-03, -6.319784e-03, -4.589447e-03, 2.779317e-03, 8.180763e-03, 2.624079e-05, 3.503426e-03, 2.431827e-03, 1.011515e-04, -1.324399e-02, -8.421815e-03, 5.543512e-03, -1.481776e-03, 1.794780e-02, 6.462156e-03, -1.255237e-02, -1.148871e-02, -6.636393e-03, -8.571906e-03, 1.095830e-02, 1.237967e-03, 2.263418e-03, 3.528302e-03, 2.366879e-03, -1.040438e-02, 1.198013e-02, -1.730494e-02, 1.150419e-02, 1.554469e-02, 4.541239e-03, -1.856909e-02, -7.014113e-03, -1.099351e-02, 2.505909e-03, 8.203508e-03, -9.076219e-03, 9.578147e-01, 8.086534e-03, 1.518190e-02, -1.013079e-02, -5.571770e-03, -1.585009e-02, -9.242217e-03, -2.416033e-02, 9.849367e-03, -5.224543e-03, 7.120323e-03, 1.558012e-02, 8.089367e-03, -5.497579e-03, 6.190228e-05, 8.779704e-03, -9.743553e-03, -9.111409e-03, -6.421899e-03, 6.178408e-03, 8.782454e-03, -3.630723e-03, 9.399152e-03, -1.138948e-02, 3.032522e-04, -4.726849e-03, 7.644943e-03, 8.781828e-03, 6.422296e-03, 6.572999e-03, -2.579122e-04, -2.794647e-03, -7.928314e-03, -1.760901e-02, 1.343909e-02, 1.983252e-03, 1.275089e-03, -2.921733e-03, -3.761658e-03, 4.397083e-03, 8.086534e-03, 9.530262e-01, -2.743322e-03, -7.184828e-03, -7.312895e-03, 6.072811e-04, 7.946006e-03, -1.499270e-02, -5.874436e-03, -3.031422e-04, -1.104125e-02, 1.378974e-02, -5.922246e-03, -2.417453e-02, -9.332558e-03, 3.275572e-03, -4.403963e-03, 1.780963e-02, -1.648134e-02, 9.688805e-03, 1.264443e-02, -1.139714e-04, -1.242635e-02, 4.195858e-03, -2.314110e-03, 3.549329e-03, 1.390500e-02, 8.618947e-03, 5.272420e-04, -7.421136e-03, -1.300062e-02, -2.600277e-03, -1.765004e-04, 1.244871e-02, -7.619044e-03, -1.174040e-02, -4.549069e-03, 1.119128e-02, 1.305865e-02, 1.361850e-02, 1.518190e-02, -2.743322e-03, 9.478485e-01, 5.337257e-03, -4.683300e-03, -2.051596e-03, 1.470112e-02, 1.147333e-02, 9.659240e-03, 6.033599e-03, 5.657528e-03, -8.388403e-03, -3.346180e-03, -6.019246e-03, 1.571505e-02, 5.419344e-03, 1.165076e-02, -7.482240e-03, -1.226613e-02, 4.345750e-03, -8.747564e-03, 3.059277e-03, 5.687389e-03, 2.827442e-03, 2.110540e-04, 4.811562e-03, 1.699110e-03, -1.137233e-02, -8.903760e-03, -1.686834e-04, 4.162029e-03, -3.323389e-03, 7.066722e-03, 8.607326e-03, -1.157523e-02, -1.014036e-02, 7.412707e-03, 1.505406e-03, 1.351894e-02, 8.013410e-03, -1.013079e-02, -7.184828e-03, 5.337257e-03, 9.534414e-01, -5.171493e-04, 1.182664e-04, 7.352245e-03, 7.159742e-03, -2.880716e-03, 1.421664e-02, 4.591707e-03, -2.642399e-03, -9.468364e-03, -1.285107e-02, 1.805954e-03, 4.767602e-04, 1.250404e-02, 3.839717e-03, 1.208163e-02, 1.221186e-02, -1.809243e-02, 9.962636e-04, 1.375383e-03, 4.466634e-03, 2.229375e-03, 2.306224e-03, -1.653084e-02, 9.275478e-03, -8.926785e-03, -2.395388e-02, 3.282436e-04, 2.246646e-03, 1.173005e-02, 1.001266e-02, 2.035101e-03, -2.775065e-03, -2.918791e-04, -5.917430e-03, 1.277922e-03, 5.667888e-03, -5.571770e-03, -7.312895e-03, -4.683300e-03, -5.171493e-04, 9.268984e-01, -7.623764e-03, -1.128454e-02, 1.509207e-02, 1.579114e-03, -1.047236e-02, -4.503537e-03, 1.818490e-03, -2.483031e-03, 3.221250e-03, 4.657954e-03, -5.836033e-03, -2.202145e-03, -4.518146e-03, -4.623135e-03, 1.355974e-02, 1.717168e-03, -2.764871e-03, -6.565566e-03, -9.949285e-03, -4.852080e-03, 5.526494e-03, -2.621607e-03, 5.588928e-03, -4.669159e-03, 1.167170e-02, 4.424580e-03, 1.476747e-02, -1.073271e-02, 4.182045e-03, 2.560819e-02, 1.652050e-02, 9.574516e-03, -7.014581e-03, -4.298323e-03, -6.319784e-03, -1.585009e-02, 6.072811e-04, -2.051596e-03, 1.182664e-04, -7.623764e-03, 9.275125e-01, -1.916667e-03, -3.524078e-03, -1.047887e-02, -1.215074e-02, 7.305839e-04, -3.005242e-03, 6.907717e-03, -1.023386e-02, 1.100183e-02, -1.402268e-02, 1.186775e-02, -1.836823e-03, -9.301107e-03, 5.694752e-03, -6.754516e-03, -1.052810e-02, 2.605606e-03, 1.201589e-02, 1.673521e-02, -8.414080e-03, -1.874383e-02, -1.309256e-02, -1.109501e-02, 5.136034e-03, -3.854826e-03, 8.434977e-04, 8.401084e-03, 1.053097e-02, -1.413734e-03, -4.157671e-03, 1.931201e-04, 2.417811e-02, 2.389980e-02, -4.589447e-03, -9.242217e-03, 7.946006e-03, 1.470112e-02, 7.352245e-03, -1.128454e-02, -1.916667e-03, 9.304470e-01, -5.446438e-03, -3.392825e-03, 6.328659e-03, 1.457305e-02, 2.596496e-03, -1.388886e-02, -2.593256e-04, 1.140826e-02, -9.670942e-03, 6.397322e-03, 2.112998e-03, 2.302322e-03, -1.609111e-03, 7.980103e-03, -7.847394e-03, 1.155600e-02, 1.601120e-03, 6.429010e-03, 1.444310e-03, 3.362073e-04, -1.028556e-02, 2.477816e-04, -1.074665e-02, -9.643839e-04, -5.283312e-03, -8.863629e-03, 4.245296e-04, 1.254194e-02, -2.253523e-03, -9.579022e-03, 6.742943e-03, -7.837967e-03, 2.779317e-03, -2.416033e-02, -1.499270e-02, 1.147333e-02, 7.159742e-03, 1.509207e-02, -3.524078e-03, -5.446438e-03, 9.340989e-01, -1.735597e-02, -8.222307e-03, 6.933358e-03, -1.027095e-02, 1.231536e-02, 1.033908e-02, -4.202445e-03, 5.235098e-03, 4.317060e-03, -4.562110e-03, -2.614331e-03, 1.456094e-02, -1.759967e-02, -3.105640e-03, -7.961291e-03, -7.442644e-03, -1.069080e-02, 1.458953e-02, -1.764749e-04, -1.468042e-03, 5.125359e-03, -3.944247e-03, -3.282468e-03, 4.489462e-03, -5.325432e-03, -1.830594e-02, -1.857431e-02, -6.296866e-03, -1.383604e-02, 1.523725e-02, -4.318919e-03, 8.180763e-03, 9.849367e-03, -5.874436e-03, 9.659240e-03, -2.880716e-03, 1.579114e-03, -1.047887e-02, -3.392825e-03, -1.735597e-02, 9.488028e-01, 8.477370e-03, 1.517712e-02, 3.394992e-03, 7.038168e-03, -4.289219e-03, -1.452696e-02, 7.426512e-04, -2.357760e-02, -2.247211e-03, 5.571855e-03, -8.911087e-03, 1.074417e-02, 6.460151e-03, 9.464868e-05, -1.000319e-02, -5.960322e-03, -2.071996e-03, -1.154447e-02, 4.111461e-04, 6.305375e-03, 1.448777e-02, -1.895099e-02, -4.581003e-04, -1.070430e-02, -1.029108e-02, 6.897198e-03, -1.549318e-02, -8.121587e-03, 2.705973e-03, 1.195040e-02, 2.624079e-05, -5.224543e-03, -3.031422e-04, 6.033599e-03, 1.421664e-02, -1.047236e-02, -1.215074e-02, 6.328659e-03, -8.222307e-03, 8.477370e-03, 9.184863e-01, 3.915386e-03, 1.281405e-02, -4.862423e-03, 9.475864e-04, -5.293154e-03, -3.435319e-03, 7.522633e-03, 2.270029e-02, 5.892991e-03, -3.899339e-03, -5.404073e-03, 7.088323e-06, 9.881191e-03, 7.594252e-04, -1.250379e-02, -1.064968e-02, -1.139353e-03, 1.040837e-03, 1.117106e-02, -1.277859e-02, -7.113519e-03, 1.174160e-02, 6.753387e-03, 1.185097e-02, -8.644221e-03, 6.635293e-05, -7.788112e-04, -6.640938e-03, 5.730649e-03, 3.503426e-03, 7.120323e-03, -1.104125e-02, 5.657528e-03, 4.591707e-03, -4.503537e-03, 7.305839e-04, 1.457305e-02, 6.933358e-03, 1.517712e-02, 3.915386e-03, 9.242188e-01, -4.128856e-03, 8.956787e-05, -1.115229e-02, -4.868305e-03, -9.241248e-03, -5.794909e-03, -3.750252e-03, 1.364346e-02, -1.350986e-02, 1.947175e-03, -1.594758e-02, -1.734549e-02, -6.851436e-03, 1.499031e-02, -1.161658e-02, -2.986579e-03, -6.623111e-03, 5.681226e-03, 1.520426e-03, -6.987253e-03, -8.943519e-03, 1.424790e-02, 8.020074e-04, 4.436424e-03, 8.777282e-03, -1.401181e-02, 6.479589e-04, 2.118029e-03, 2.431827e-03, 1.558012e-02, 1.378974e-02, -8.388403e-03, -2.642399e-03, 1.818490e-03, -3.005242e-03, 2.596496e-03, -1.027095e-02, 3.394992e-03, 1.281405e-02, -4.128856e-03, 9.531537e-01, -5.465159e-03, 1.637576e-02, 4.521819e-03, 8.651861e-03, 1.722267e-03, 8.968577e-03, 1.214018e-02, 9.949137e-03, 1.028768e-02, 4.300616e-03, -1.867113e-05, -6.885300e-03, 9.164435e-03, 2.530511e-03, -7.868901e-03, -1.253768e-02, 1.862811e-02, -1.187865e-02, -1.938784e-03, -1.548692e-02, 1.033922e-04, 1.316083e-02, 1.686539e-02, 1.644062e-02, 8.824531e-03, 7.709708e-03, 8.036801e-03, 1.011515e-04, 8.089367e-03, -5.922246e-03, -3.346180e-03, -9.468364e-03, -2.483031e-03, 6.907717e-03, -1.388886e-02, 1.231536e-02, 7.038168e-03, -4.862423e-03, 8.956787e-05, -5.465159e-03, 9.625501e-01, 1.072047e-02, -9.988020e-03, -6.356286e-03, 1.260017e-02, -4.756089e-03, 4.617642e-03, -6.888576e-03, -9.895480e-03, -5.434939e-03, -7.156986e-03, -1.155036e-02, -4.921764e-03, -5.236132e-03, -6.139755e-03, 7.828806e-04, 3.209618e-03, -1.406722e-02, 5.397161e-03, 7.558022e-04, -4.206413e-03, 7.233452e-03, -4.861730e-03, -1.250288e-03, -1.490407e-02, -5.272179e-04, 4.498587e-03, -1.324399e-02, -5.497579e-03, -2.417453e-02, -6.019246e-03, -1.285107e-02, 3.221250e-03, -1.023386e-02, -2.593256e-04, 1.033908e-02, -4.289219e-03, 9.475864e-04, -1.115229e-02, 1.637576e-02, 1.072047e-02, 9.473625e-01, 6.176661e-03, 3.072689e-03, 1.198049e-02, 7.001455e-04, 1.863859e-02, 9.168469e-03, 6.055871e-03, 2.474620e-03, 4.423756e-03, -5.112419e-03, 1.410300e-02, 8.235339e-03, -1.377159e-02, 6.524091e-03, 7.346843e-03, -3.914699e-03, -5.240971e-03, 1.474561e-02, -1.185318e-02, 2.375602e-04, -5.281894e-03, 6.530665e-03, -1.820315e-02, 1.921528e-02, 9.259024e-03, -8.421815e-03, 6.190228e-05, -9.332558e-03, 1.571505e-02, 1.805954e-03, 4.657954e-03, 1.100183e-02, 1.140826e-02, -4.202445e-03, -1.452696e-02, -5.293154e-03, -4.868305e-03, 4.521819e-03, -9.988020e-03, 6.176661e-03, 9.360580e-01, -3.991428e-03, 1.929185e-02, -8.322339e-03, -1.259697e-02, -9.077674e-03, -1.343802e-02, -1.717148e-02, -1.021230e-02, 1.592016e-03, 7.716013e-03, 3.173228e-03, 1.109201e-03, -1.725391e-02, -1.492474e-02, 8.524736e-03, 1.468833e-02, -3.711728e-03, 1.079582e-02, -1.658777e-02, 1.196861e-03, -3.557430e-03, -8.231715e-03, -9.637661e-03, 4.509498e-03, 5.543512e-03, 8.779704e-03, 3.275572e-03, 5.419344e-03, 4.767602e-04, -5.836033e-03, -1.402268e-02, -9.670942e-03, 5.235098e-03, 7.426512e-04, -3.435319e-03, -9.241248e-03, 8.651861e-03, -6.356286e-03, 3.072689e-03, -3.991428e-03, 9.140235e-01, -7.580354e-03, 7.007833e-03, 1.714375e-02, 7.962320e-04, -8.767054e-03, 1.700369e-02, -1.703594e-02, 6.306685e-03, 3.477258e-03, -6.994620e-03, -1.264289e-02, 1.139575e-02, 4.351036e-03, 1.753809e-03, 4.283810e-03, 4.384613e-03, -1.163960e-02, 4.016256e-03, -9.487986e-03, -6.026894e-04, -1.103290e-02, 8.960576e-03, 6.866211e-03, -1.481776e-03, -9.743553e-03, -4.403963e-03, 1.165076e-02, 1.250404e-02, -2.202145e-03, 1.186775e-02, 6.397322e-03, 4.317060e-03, -2.357760e-02, 7.522633e-03, -5.794909e-03, 1.722267e-03, 1.260017e-02, 1.198049e-02, 1.929185e-02, -7.580354e-03, 9.588612e-01, 8.919446e-04, 1.767504e-02, 1.601123e-02, 6.720888e-03, 4.404452e-03, 1.749835e-02, 1.974994e-03, -4.007042e-03, -3.767729e-02, -7.506981e-03, -1.142584e-02, 3.759483e-04, -2.230244e-02, 3.033177e-03, -2.335595e-02, -8.321369e-03, -1.358825e-02, 2.836839e-03, 5.613827e-03, 4.710199e-04, 6.038214e-05, 1.918206e-02, 1.794780e-02, -9.111409e-03, 1.780963e-02, -7.482240e-03, 3.839717e-03, -4.518146e-03, -1.836823e-03, 2.112998e-03, -4.562110e-03, -2.247211e-03, 2.270029e-02, -3.750252e-03, 8.968577e-03, -4.756089e-03, 7.001455e-04, -8.322339e-03, 7.007833e-03, 8.919446e-04, 9.250836e-01, 7.715550e-03, 1.645118e-02, -1.474787e-03, 3.238675e-03, 1.716292e-02, -9.240755e-05, 4.784507e-03, 7.308331e-04, -6.203732e-03, -1.241491e-02, 3.044471e-03, 1.242710e-02, 1.963425e-03, 5.040156e-03, -9.353729e-03, -9.680776e-03, -8.647775e-03, -1.482752e-02, -1.091512e-02, 7.424783e-03, -3.249035e-04, 6.462156e-03, -6.421899e-03, -1.648134e-02, -1.226613e-02, 1.208163e-02, -4.623135e-03, -9.301107e-03, 2.302322e-03, -2.614331e-03, 5.571855e-03, 5.892991e-03, 1.364346e-02, 1.214018e-02, 4.617642e-03, 1.863859e-02, -1.259697e-02, 1.714375e-02, 1.767504e-02, 7.715550e-03, 9.506574e-01, 8.582521e-05, 7.574851e-03, -1.666823e-04, -8.722307e-04, 7.229189e-03, 1.088797e-02, -1.183606e-03, -1.672764e-02, 7.942175e-03, 2.413509e-04, -6.413878e-03, -1.412220e-02, -5.416840e-03, 3.660953e-04, -8.386500e-03, 1.044115e-02, 4.874668e-03, 4.558959e-03, -6.568573e-03, 1.063863e-02, -1.255237e-02, 6.178408e-03, 9.688805e-03, 4.345750e-03, 1.221186e-02, 1.355974e-02, 5.694752e-03, -1.609111e-03, 1.456094e-02, -8.911087e-03, -3.899339e-03, -1.350986e-02, 9.949137e-03, -6.888576e-03, 9.168469e-03, -9.077674e-03, 7.962320e-04, 1.601123e-02, 1.645118e-02, 8.582521e-05, 9.721793e-01, 2.653134e-03, -1.502940e-03, 2.192679e-02, -5.254111e-03, 9.385802e-03, -5.242124e-03, -1.172466e-02, 1.058257e-02, -1.186668e-02, -3.257555e-03, -9.064416e-03, -1.817231e-03, 3.038036e-03, 7.122505e-03, -8.728790e-03, 1.375971e-02, -3.694509e-03, -1.870800e-03, -7.590754e-03, -1.148871e-02, 8.782454e-03, 1.264443e-02, -8.747564e-03, -1.809243e-02, 1.717168e-03, -6.754516e-03, 7.980103e-03, -1.759967e-02, 1.074417e-02, -5.404073e-03, 1.947175e-03, 1.028768e-02, -9.895480e-03, 6.055871e-03, -1.343802e-02, -8.767054e-03, 6.720888e-03, -1.474787e-03, 7.574851e-03, 2.653134e-03, 9.464406e-01, 8.062282e-03, -7.765815e-03, 1.173277e-02, 1.170398e-02, 7.598136e-04, -5.823401e-03, 6.137434e-03, 1.101646e-02, 8.185953e-03, 5.869866e-04, -7.952422e-03, -5.002803e-03, 6.009124e-03, -5.185806e-03, -7.214400e-03, 6.355407e-03, -5.207746e-03, -1.283241e-02, -6.636393e-03, -3.630723e-03, -1.139714e-04, 3.059277e-03, 9.962636e-04, -2.764871e-03, -1.052810e-02, -7.847394e-03, -3.105640e-03, 6.460151e-03, 7.088323e-06, -1.594758e-02, 4.300616e-03, -5.434939e-03, 2.474620e-03, -1.717148e-02, 1.700369e-02, 4.404452e-03, 3.238675e-03, -1.666823e-04, -1.502940e-03, 8.062282e-03, 9.349648e-01, -1.495485e-02, -3.306525e-03, 2.762365e-03, -1.889646e-02, -9.149815e-04, 4.705077e-04, 7.428881e-04, -1.486133e-02, -6.635907e-03, -1.560844e-02, 1.173557e-02, -3.783178e-03, -3.990831e-03, -2.855127e-02, 2.059650e-02, 2.334124e-04, 4.016882e-03, -8.571906e-03, 9.399152e-03, -1.242635e-02, 5.687389e-03, 1.375383e-03, -6.565566e-03, 2.605606e-03, 1.155600e-02, -7.961291e-03, 9.464868e-05, 9.881191e-03, -1.734549e-02, -1.867113e-05, -7.156986e-03, 4.423756e-03, -1.021230e-02, -1.703594e-02, 1.749835e-02, 1.716292e-02, -8.722307e-04, 2.192679e-02, -7.765815e-03, -1.495485e-02, 9.638869e-01, 3.195933e-04, -1.690945e-02, 7.798079e-03, 8.201176e-03, 7.437761e-03, -6.464875e-03, -3.406219e-03, 1.008832e-02, 9.772862e-03, 7.968865e-03, 1.096519e-02, -5.935292e-03, -6.029981e-03, 4.640796e-03, 9.617868e-04, 1.866794e-03, 1.095830e-02, -1.138948e-02, 4.195858e-03, 2.827442e-03, 4.466634e-03, -9.949285e-03, 1.201589e-02, 1.601120e-03, -7.442644e-03, -1.000319e-02, 7.594252e-04, -6.851436e-03, -6.885300e-03, -1.155036e-02, -5.112419e-03, 1.592016e-03, 6.306685e-03, 1.974994e-03, -9.240755e-05, 7.229189e-03, -5.254111e-03, 1.173277e-02, -3.306525e-03, 3.195933e-04, 9.409491e-01, 5.333333e-03, 7.729094e-03, 5.657134e-04, 1.374417e-02, 3.204006e-03, -1.643609e-02, 3.353105e-03, -3.698069e-06, 1.312067e-02, 5.479632e-03, -9.211826e-04, -2.778598e-03, -1.159698e-02, -4.065675e-03, -5.781263e-03, 1.237967e-03, 3.032522e-04, -2.314110e-03, 2.110540e-04, 2.229375e-03, -4.852080e-03, 1.673521e-02, 6.429010e-03, -1.069080e-02, -5.960322e-03, -1.250379e-02, 1.499031e-02, 9.164435e-03, -4.921764e-03, 1.410300e-02, 7.716013e-03, 3.477258e-03, -4.007042e-03, 4.784507e-03, 1.088797e-02, 9.385802e-03, 1.170398e-02, 2.762365e-03, -1.690945e-02, 5.333333e-03, 9.349220e-01, -1.475247e-02, -3.613273e-03, -7.687412e-03, -2.686117e-03, 3.844292e-03, -5.941142e-03, 1.639824e-02, -2.946901e-03, -1.871588e-03, -9.606053e-04, -6.573580e-04, -2.037615e-03, -6.025371e-03, -6.651215e-03, 2.263418e-03, -4.726849e-03, 3.549329e-03, 4.811562e-03, 2.306224e-03, 5.526494e-03, -8.414080e-03, 1.444310e-03, 1.458953e-02, -2.071996e-03, -1.064968e-02, -1.161658e-02, 2.530511e-03, -5.236132e-03, 8.235339e-03, 3.173228e-03, -6.994620e-03, -3.767729e-02, 7.308331e-04, -1.183606e-03, -5.242124e-03, 7.598136e-04, -1.889646e-02, 7.798079e-03, 7.729094e-03, -1.475247e-02, 9.382433e-01, 2.690237e-03, -4.633627e-03, -1.000763e-02, 1.717627e-02, -7.671424e-03, -1.863147e-03, -3.963494e-03, -4.358657e-03, 1.368056e-02, 6.304303e-03, 2.269991e-03, -1.157407e-02, -3.815950e-03, 3.528302e-03, 7.644943e-03, 1.390500e-02, 1.699110e-03, -1.653084e-02, -2.621607e-03, -1.874383e-02, 3.362073e-04, -1.764749e-04, -1.154447e-02, -1.139353e-03, -2.986579e-03, -7.868901e-03, -6.139755e-03, -1.377159e-02, 1.109201e-03, -1.264289e-02, -7.506981e-03, -6.203732e-03, -1.672764e-02, -1.172466e-02, -5.823401e-03, -9.149815e-04, 8.201176e-03, 5.657134e-04, -3.613273e-03, 2.690237e-03, 9.405729e-01, -1.525543e-02, -1.697778e-02, 3.106641e-03, 3.451380e-03, 9.371386e-03, -6.642672e-03, 5.431345e-03, 4.777019e-04, 4.694644e-03, -7.033850e-03, 5.874149e-03, 1.307702e-03, 2.366879e-03, 8.781828e-03, 8.618947e-03, -1.137233e-02, 9.275478e-03, 5.588928e-03, -1.309256e-02, -1.028556e-02, -1.468042e-03, 4.111461e-04, 1.040837e-03, -6.623111e-03, -1.253768e-02, 7.828806e-04, 6.524091e-03, -1.725391e-02, 1.139575e-02, -1.142584e-02, -1.241491e-02, 7.942175e-03, 1.058257e-02, 6.137434e-03, 4.705077e-04, 7.437761e-03, 1.374417e-02, -7.687412e-03, -4.633627e-03, -1.525543e-02, 9.460152e-01, 8.911069e-03, -9.474420e-03, 5.449227e-03, 3.484989e-03, -1.424125e-02, 8.189311e-03, -1.798632e-03, -1.202057e-02, 5.805948e-03, 7.878856e-03, 7.808857e-03, -1.040438e-02, 6.422296e-03, 5.272420e-04, -8.903760e-03, -8.926785e-03, -4.669159e-03, -1.109501e-02, 2.477816e-04, 5.125359e-03, 6.305375e-03, 1.117106e-02, 5.681226e-03, 1.862811e-02, 3.209618e-03, 7.346843e-03, -1.492474e-02, 4.351036e-03, 3.759483e-04, 3.044471e-03, 2.413509e-04, -1.186668e-02, 1.101646e-02, 7.428881e-04, -6.464875e-03, 3.204006e-03, -2.686117e-03, -1.000763e-02, -1.697778e-02, 8.911069e-03, 9.229159e-01, 7.655124e-03, 1.637424e-03, 1.612505e-02, -5.678078e-03, -5.989897e-03, 1.612208e-02, 2.255064e-02, -4.192168e-03, -1.678378e-02, -4.004710e-04, 1.198013e-02, 6.572999e-03, -7.421136e-03, -1.686834e-04, -2.395388e-02, 1.167170e-02, 5.136034e-03, -1.074665e-02, -3.944247e-03, 1.448777e-02, -1.277859e-02, 1.520426e-03, -1.187865e-02, -1.406722e-02, -3.914699e-03, 8.524736e-03, 1.753809e-03, -2.230244e-02, 1.242710e-02, -6.413878e-03, -3.257555e-03, 8.185953e-03, -1.486133e-02, -3.406219e-03, -1.643609e-02, 3.844292e-03, 1.717627e-02, 3.106641e-03, -9.474420e-03, 7.655124e-03, 9.348094e-01
