4.435331e-01, -4.018373e-02, -5.370585e-02, -4.018373e-02, 8.462852e-01, 1.001450e-01, -5.370585e-02, 1.001450e-01, 9.574626e-01
1.920905e-01, -2.167343e-02, -1.975597e-03, -2.167343e-02, 9.214708e-01, 2.380078e-01, -1.975597e-03, 2.380078e-01, 7.827944e-01
8.215141e-02, -1.204454e-02, 1.815870e-02, -1.204454e-02, 9.279101e-01, 3.973122e-01, 1.815870e-02, 3.973122e-01, 8.089848e-01
4.250506e-02, 9.167939e-03, 1.903447e-02, 9.167939e-03, 8.510728e-01, 1.052113e-01, 1.903447e-02, 1.052113e-01, 8.500398e-01
2.521129e-02, -5.979459e-04, 8.560071e-03, -5.979459e-04, 7.862366e-01, 6.177544e-02, 8.560071e-03, 6.177544e-02, 6.575389e-01
1.891799e-02, -1.827848e-02, 1.529274e-02, -1.827848e-02, 7.345812e-01, -1.457601e-01, 1.529274e-02, -1.457601e-01, 6.535901e-01
1.708398e-02, -3.712650e-02, 1.846275e-02, -3.712650e-02, 8.250670e-01, -3.091040e-01, 1.846275e-02, -3.091040e-01, 5.630572e-01
1.286648e-02, -4.683592e-02, 1.776685e-02, -4.683592e-02, 1.017972e+00, -3.335256e-01, 1.776685e-02, -3.335256e-01, 3.969161e-01
1.258935e-02, -3.231456e-02, 1.638367e-02, -3.231456e-02, 8.298642e-01, -3.512424e-01, 1.638367e-02, -3.512424e-01, 3.105226e-01
1.408583e-02, -2.540815e-02, -4.240771e-03, -2.540815e-02, 6.724754e-01, -2.088983e-01, -4.240771e-03, -2.088983e-01, 2.325315e-01
1.304770e-02, -3.574700e-02, 7.835718e-03, -3.574700e-02, 4.892421e-01, -1.658681e-01, 7.835718e-03, -1.658681e-01, 2.423181e-01
1.123207e-02, -2.863776e-02, 2.766452e-03, -2.863776e-02, 5.502009e-01, -2.586667e-01, 2.766452e-03, -2.586667e-01, 2.826474e-01
9.900910e-03, -3.021911e-02, 4.618706e-03, -3.021911e-02, 4.694204e-01, -1.948550e-01, 4.618706e-03, -1.948550e-01, 1.955507e-01
9.497644e-03, -1.813996e-02, -2.944895e-03, -1.813996e-02, 3.096351e-01, -1.219631e-01, -2.944895e-03, -1.219631e-01, 1.289121e-01
9.376940e-03, -1.776062e-02, -2.147888e-03, -1.776062e-02, 2.071292e-01, -7.353554e-02, -2.147888e-03, -7.353554e-02, 8.866760e-02
1.300481e-02, -4.872669e-02, 2.665463e-03, -4.872669e-02, 3.657348e-01, -9.134127e-02, 2.665463e-03, -9.134127e-02, 7.163345e-02
1.430110e-02, -6.284134e-02, 1.119006e-02, -6.284134e-02, 4.351070e-01, -1.217586e-01, 1.119006e-02, -1.217586e-01, 7.011536e-02
8.851748e-03, -3.755273e-02, 7.905301e-03, -3.755273e-02, 3.265234e-01, -1.360382e-01, 7.905301e-03, -1.360382e-01, 1.049537e-01
6.572809e-03, -2.522937e-02, 4.589154e-03, -2.522937e-02, 2.642433e-01, -1.077199e-01, 4.589154e-03, -1.077199e-01, 7.829481e-02
5.916943e-03, -2.229318e-02, 3.324608e-03, -2.229318e-02, 3.109090e-01, -1.370847e-01, 3.324608e-03, -1.370847e-01, 8.418057e-02
4.784464e-03, -1.576664e-02, 2.739400e-03, -1.576664e-02, 2.941559e-01, -1.293544e-01, 2.739400e-03, -1.293544e-01, 7.399862e-02
5.134966e-03, -3.161000e-02, 1.029486e-02, -3.161000e-02, 4.612726e-01, -1.854674e-01, 1.029486e-02, -1.854674e-01, 8.646123e-02
4.196943e-03, -2.221101e-02, 6.039290e-03, -2.221101e-02, 2.931010e-01, -1.012043e-01, 6.039290e-03, -1.012043e-01, 4.804177e-02
3.791651e-03, -2.720226e-02, 6.638096e-03, -2.720226e-02, 4.751319e-01, -1.365296e-01, 6.638096e-03, -1.365296e-01, 5.162408e-02
4.014662e-03, -2.785133e-02, 6.756174e-03, -2.785133e-02, 3.703302e-01, -1.113115e-01, 6.756174e-03, -1.113115e-01, 4.391639e-02
2.679858e-03, -1.871416e-02, 3.599099e-03, -1.871416e-02, 2.761536e-01, -8.411426e-02, 3.599099e-03, -8.411426e-02, 3.624270e-02
2.591932e-03, -2.068598e-02, 3.875419e-03, -2.068598e-02, 2.834153e-01, -7.240899e-02, 3.875419e-03, -7.240899e-02, 2.744609e-02
3.582949e-03, -2.516804e-02, 5.301632e-03, -2.516804e-02, 2.737550e-01, -7.257923e-02, 5.301632e-03, -7.257923e-02, 2.700746e-02
4.378369e-03, -2.792049e-02, 6.236299e-03, -2.792049e-02, 2.801550e-01, -8.239316e-02, 6.236299e-03, -8.239316e-02, 3.540283e-02
6.017391e-03, -3.929064e-02, 6.741618e-03, -3.929064e-02, 3.225764e-01, -7.233113e-02, 6.741618e-03, -7.233113e-02, 2.690202e-02
3.867250e-03, -2.674571e-02, 3.784572e-03, -2.674571e-02, 2.468975e-01, -5.063380e-02, 3.784572e-03, -5.063380e-02, 1.957104e-02
3.191654e-03, -2.217320e-02, 2.970272e-03, -2.217320e-02, 2.020070e-01, -3.944914e-02, 2.970272e-03, -3.944914e-02, 1.827655e-02
1.917372e-03, -1.254131e-02, 7.769962e-04, -1.254131e-02, 1.261659e-01, -2.121548e-02, 7.769962e-04, -2.121548e-02, 1.314400e-02
8.719576e-04, -5.159583e-03, 3.069181e-04, -5.159583e-03, 6.645496e-02, -1.896291e-02, 3.069181e-04, -1.896291e-02, 1.420859e-02
3.455805e-04, -1.994771e-03, -6.236837e-05, -1.994771e-03, 4.938387e-02, -1.658244e-02, -6.236837e-05, -1.658244e-02, 1.412041e-02
1.651950e-04, -1.219303e-03, 9.950989e-05, -1.219303e-03, 5.554046e-02, -2.119584e-02, 9.950989e-05, -2.119584e-02, 1.426808e-02
7.284635e-05, -2.393574e-04, -6.126987e-05, -2.393574e-04, 4.332525e-02, -1.655937e-02, -6.126987e-05, -1.655937e-02, 1.146522e-02
3.394527e-05, -1.298194e-04, -6.945066e-05, -1.298194e-04, 3.561460e-02, -1.416439e-02, -6.945066e-05, -1.416439e-02, 1.055960e-02
2.380010e-05, -4.865365e-05, -7.402874e-05, -4.865365e-05, 3.674007e-02, -1.409047e-02, -7.402874e-05, -1.409047e-02, 1.036086e-02
1.334943e-05, 8.044238e-06, -1.056731e-04, 8.044238e-06, 2.855852e-02, -1.087119e-02, -1.056731e-04, -1.087119e-02, 9.434206e-03
6.859534e-06, 2.566723e-05, -3.873251e-05, 2.566723e-05, 3.038502e-02, -9.625269e-03, -3.873251e-05, -9.625269e-03, 6.685878e-03
4.984392e-06, 2.344973e-04, -9.794902e-05, 2.344973e-04, 4.494905e-02, -1.648347e-02, -9.794902e-05, -1.648347e-02, 9.221566e-03
2.852051e-06, 4.244130e-05, -3.406268e-05, 4.244130e-05, 5.136251e-02, -1.318881e-02, -3.406268e-05, -1.318881e-02, 5.570415e-03
1.730041e-06, 5.295570e-05, -2.336430e-05, 5.295570e-05, 5.027524e-02, -1.241113e-02, -2.336430e-05, -1.241113e-02, 4.562213e-03
2.191083e-06, -3.166337e-05, -1.945514e-05, -3.166337e-05, 4.335956e-02, -1.010550e-02, -1.945514e-05, -1.010550e-02, 3.555928e-03
1.540538e-06, 2.079723e-05, -2.142350e-05, 2.079723e-05, 4.490062e-02, -1.015620e-02, -2.142350e-05, -1.015620e-02, 3.140181e-03
1.393320e-06, 4.833643e-06, -1.648969e-05, 4.833643e-06, 2.643002e-02, -5.690095e-03, -1.648969e-05, -5.690095e-03, 1.800575e-03
8.036274e-07, 2.014354e-05, -1.233179e-05, 2.014354e-05, 2.510759e-02, -5.371593e-03, -1.233179e-05, -5.371593e-03, 1.535634e-03
5.655830e-07, -5.639143e-07, -4.255981e-06, -5.639143e-07, 3.108648e-02, -7.218715e-03, -4.255981e-06, -7.218715e-03, 1.932449e-03
5.118764e-07, -6.560916e-06, -1.930646e-06, -6.560916e-06, 2.189340e-02, -5.174724e-03, -1.930646e-06, -5.174724e-03, 1.414392e-03
3.460009e-07, -2.398363e-06, -1.590655e-06, -2.398363e-06, 1.792460e-02, -3.993072e-03, -1.590655e-06, -3.993072e-03, 1.037973e-03
2.771838e-07, 1.102340e-05, -4.791498e-06, 1.102340e-05, 2.194157e-02, -5.367641e-03, -4.791498e-06, -5.367641e-03, 1.445262e-03
