4.035570e-01, -7.179422e-03, 9.363198e-03, 4.891967e-02, -7.179422e-03, 1.474560e+00, -8.942915e-02, 4.730947e-02, 9.363198e-03, -8.942915e-02, 9.395529e-01, 6.406092e-02, 4.891967e-02, 4.730947e-02, 6.406092e-02, 8.265174e-01
1.716118e-01, -5.576338e-02, 5.077712e-02, 1.253621e-02, -5.576338e-02, 1.643236e+00, -1.683679e-01, -6.528186e-02, 5.077712e-02, -1.683679e-01, 8.139657e-01, 3.485805e-02, 1.253621e-02, -6.528186e-02, 3.485805e-02, 7.163896e-01
7.500105e-02, -7.669612e-02, 2.582104e-02, 3.117500e-02, -7.669612e-02, 1.818652e+00, -4.312249e-01, 1.002041e-02, 2.582104e-02, -4.312249e-01, 9.863889e-01, -5.385567e-02, 3.117500e-02, 1.002041e-02, -5.385567e-02, 5.750751e-01
3.188618e-02, -1.853490e-02, -7.216404e-03, 7.489397e-03, -1.853490e-02, 2.313980e+00, -5.593538e-01, -2.338197e-01, -7.216404e-03, -5.593538e-01, 8.766697e-01, 1.418950e-01, 7.489397e-03, -2.338197e-01, 1.418950e-01, 6.297529e-01
1.701812e-02, -7.877575e-03, -1.613677e-02, -5.760651e-03, -7.877575e-03, 2.231162e+00, -4.882242e-01, -1.518199e-01, -1.613677e-02, -4.882242e-01, 7.060047e-01, 1.066969e-01, -5.760651e-03, -1.518199e-01, 1.066969e-01, 5.296005e-01
1.040552e-02, -1.239810e-02, -1.311607e-02, -1.017946e-02, -1.239810e-02, 1.882836e+00, -4.248965e-01, -1.132505e-01, -1.311607e-02, -4.248965e-01, 6.467975e-01, 1.110043e-01, -1.017946e-02, -1.132505e-01, 1.110043e-01, 4.242750e-01
8.979489e-03, -1.396083e-02, -1.800689e-02, -8.551784e-03, -1.396083e-02, 1.230745e+00, -2.999521e-01, -4.369352e-02, -1.800689e-02, -2.999521e-01, 5.082538e-01, 9.166312e-02, -8.551784e-03, -4.369352e-02, 9.166312e-02, 3.024577e-01
8.324342e-03, -1.379719e-03, -2.059837e-02, -7.003477e-03, -1.379719e-03, 8.284008e-01, -2.103276e-01, 6.504056e-02, -2.059837e-02, -2.103276e-01, 4.035799e-01, 9.816538e-03, -7.003477e-03, 6.504056e-02, 9.816538e-03, 2.292709e-01
8.489893e-03, 3.088066e-03, -2.192590e-02, -5.322188e-03, 3.088066e-03, 5.236076e-01, -1.505595e-01, 2.364343e-02, -2.192590e-02, -1.505595e-01, 3.290136e-01, -2.586328e-02, -5.322188e-03, 2.364343e-02, -2.586328e-02, 2.055982e-01
9.589490e-03, 5.620991e-03, -2.395873e-02, -2.719600e-03, 5.620991e-03, 3.586950e-01, -1.023450e-01, 5.488330e-03, -2.395873e-02, -1.023450e-01, 2.474619e-01, -1.032728e-02, -2.719600e-03, 5.488330e-03, -1.032728e-02, 1.728817e-01
8.520056e-03, 1.003414e-02, -1.774152e-02, -2.566574e-03, 1.003414e-02, 3.109876e-01, -1.100801e-01, -2.419436e-03, -1.774152e-02, -1.100801e-01, 2.007380e-01, 1.696908e-02, -2.566574e-03, -2.419436e-03, 1.696908e-02, 1.708713e-01
6.397754e-03, 1.015583e-02, -1.519722e-02, 1.494777e-03, 1.015583e-02, 2.609629e-01, -1.193947e-01, -5.641640e-03, -1.519722e-02, -1.193947e-01, 2.209100e-01, -1.022943e-03, 1.494777e-03, -5.641640e-03, -1.022943e-03, 1.330193e-01
4.843927e-03, 3.918338e-03, -1.071751e-02, -1.157873e-03, 3.918338e-03, 2.249620e-01, -9.086469e-02, 1.256885e-02, -1.071751e-02, -9.086469e-02, 1.597769e-01, 3.296185e-04, -1.157873e-03, 1.256885e-02, 3.296185e-04, 1.189926e-01
2.579263e-03, 7.161211e-04, -5.925945e-03, -2.288075e-03, 7.161211e-04, 1.958857e-01, -9.288739e-02, 3.854229e-03, -5.925945e-03, -9.288739e-02, 1.665496e-01, -5.605183e-03, -2.288075e-03, 3.854229e-03, -5.605183e-03, 9.027320e-02
1.211561e-03, 8.464265e-04, -6.722245e-04, -1.859597e-03, 8.464265e-04, 1.652638e-01, -6.150912e-02, 3.234571e-03, -6.722245e-04, -6.150912e-02, 1.294774e-01, -2.013517e-03, -1.859597e-03, 3.234571e-03, -2.013517e-03, 6.353937e-02
7.324464e-04, 4.622584e-04, -1.920923e-03, -8.059273e-04, 4.622584e-04, 1.352240e-01, -3.842682e-02, 1.219515e-02, -1.920923e-03, -3.842682e-02, 1.501565e-01, 2.017984e-02, -8.059273e-04, 1.219515e-02, 2.017984e-02, 5.906043e-02
5.991214e-04, -7.290776e-04, -1.116865e-03, 1.614653e-03, -7.290776e-04, 1.127967e-01, -3.384268e-02, 1.305461e-03, -1.116865e-03, -3.384268e-02, 1.337149e-01, 2.008100e-02, 1.614653e-03, 1.305461e-03, 2.008100e-02, 6.477547e-02
3.109071e-04, -7.155349e-04, 1.863751e-04, 1.671990e-03, -7.155349e-04, 8.534785e-02, -2.263428e-02, -3.547783e-03, 1.863751e-04, -2.263428e-02, 1.282586e-01, 1.281540e-02, 1.671990e-03, -3.547783e-03, 1.281540e-02, 6.107556e-02
1.714413e-04, -5.751389e-04, -1.906892e-04, 8.404399e-04, -5.751389e-04, 7.552307e-02, -1.556764e-02, 4.444024e-04, -1.906892e-04, -1.556764e-02, 1.081620e-01, 5.851708e-03, 8.404399e-04, 4.444024e-04, 5.851708e-03, 4.661294e-02
1.460837e-04, -3.813254e-04, -2.762216e-04, 7.042359e-04, -3.813254e-04, 6.895509e-02, -1.352062e-02, -3.197607e-03, -2.762216e-04, -1.352062e-02, 9.845594e-02, 8.305079e-03, 7.042359e-04, -3.197607e-03, 8.305079e-03, 3.289887e-02
9.647481e-05, -1.741920e-04, 1.325676e-04, 7.095310e-04, -1.741920e-04, 4.813893e-02, -1.262935e-02, -2.038831e-03, 1.325676e-04, -1.262935e-02, 7.990464e-02, 1.206488e-03, 7.095310e-04, -2.038831e-03, 1.206488e-03, 3.078134e-02
7.898291e-05, -2.001791e-04, 4.160242e-05, 6.056148e-04, -2.001791e-04, 3.930220e-02, -7.715273e-03, -3.519240e-03, 4.160242e-05, -7.715273e-03, 6.263692e-02, -1.883037e-03, 6.056148e-04, -3.519240e-03, -1.883037e-03, 2.490963e-02
8.632965e-05, -1.673600e-04, 2.174487e-04, 9.206486e-04, -1.673600e-04, 2.635430e-02, -5.069175e-03, -9.632707e-04, 2.174487e-04, -5.069175e-03, 5.318365e-02, -6.392727e-03, 9.206486e-04, -9.632707e-04, -6.392727e-03, 3.065573e-02
7.749684e-05, 5.955123e-05, 5.318327e-05, 6.035688e-04, 5.955123e-05, 2.560883e-02, 2.239585e-03, -1.065833e-03, 5.318327e-05, 2.239585e-03, 5.745096e-02, -2.212464e-03, 6.035688e-04, -1.065833e-03, -2.212464e-03, 2.048432e-02
6.350783e-05, 9.590879e-05, -3.639754e-04, 4.760589e-04, 9.590879e-05, 2.332855e-02, -9.772715e-04, -7.493569e-04, -3.639754e-04, -9.772715e-04, 6.275583e-02, -6.650676e-04, 4.760589e-04, -7.493569e-04, -6.650676e-04, 2.140490e-02
6.734198e-05, 4.672281e-05, -5.904567e-05, 8.631118e-04, 4.672281e-05, 2.971863e-02, -9.866141e-03, -5.382131e-03, -5.904567e-05, -9.866141e-03, 6.011274e-02, 6.507684e-03, 8.631118e-04, -5.382131e-03, 6.507684e-03, 2.672076e-02
7.537122e-05, 1.266401e-04, 1.688641e-04, 1.116928e-03, 1.266401e-04, 2.425885e-02, -4.938950e-03, -3.398337e-03, 1.688641e-04, -4.938950e-03, 5.210877e-02, 1.112834e-02, 1.116928e-03, -3.398337e-03, 1.112834e-02, 2.976487e-02
7.240843e-05, 2.738864e-04, -3.102342e-05, 8.708980e-04, 2.738864e-04, 2.043130e-02, -4.144212e-03, -3.945895e-03, -3.102342e-05, -4.144212e-03, 5.726569e-02, 2.320900e-02, 8.708980e-04, -3.945895e-03, 2.320900e-02, 3.359831e-02
6.710861e-05, 2.800188e-04, -2.463087e-04, 4.896867e-04, 2.800188e-04, 1.695321e-02, -6.163479e-03, -4.782934e-03, -2.463087e-04, -6.163479e-03, 5.767515e-02, 2.384850e-02, 4.896867e-04, -4.782934e-03, 2.384850e-02, 2.559212e-02
4.637427e-05, 1.976224e-04, -1.342608e-04, 4.011313e-04, 1.976224e-04, 1.208538e-02, -5.076074e-03, -1.728511e-04, -1.342608e-04, -5.076074e-03, 5.059674e-02, 1.580672e-02, 4.011313e-04, -1.728511e-04, 1.580672e-02, 1.975375e-02
4.510635e-05, 8.876449e-05, 6.583482e-05, 5.489524e-04, 8.876449e-05, 1.426159e-02, -6.886262e-03, -5.035653e-03, 6.583482e-05, -6.886262e-03, 4.613703e-02, 2.155303e-02, 5.489524e-04, -5.035653e-03, 2.155303e-02, 2.462382e-02
5.279193e-05, 8.403241e-05, -1.415596e-04, 7.129723e-04, 8.403241e-05, 1.120022e-02, -6.599602e-03, -2.879438e-03, -1.415596e-04, -6.599602e-03, 3.927481e-02, 1.536129e-02, 7.129723e-04, -2.879438e-03, 1.536129e-02, 2.556099e-02
7.283774e-05, -4.858782e-05, -1.571043e-05, 9.276046e-04, -4.858782e-05, 1.017909e-02, -4.968579e-03, -2.569416e-03, -1.571043e-05, -4.968579e-03, 3.832071e-02, 1.784829e-02, 9.276046e-04, -2.569416e-03, 1.784829e-02, 2.827979e-02
7.005288e-05, -1.103825e-04, 8.762485e-05, 9.158989e-04, -1.103825e-04, 1.089033e-02, -5.207729e-03, -3.533351e-03, 8.762485e-05, -5.207729e-03, 2.887028e-02, 1.391087e-02, 9.158989e-04, -3.533351e-03, 1.391087e-02, 2.477686e-02
