7.201535e-01, -6.303141e-02, 2.556647e-02, 1.757028e-02, -4.068823e-02, -6.303141e-02, 7.861081e-01, 7.381670e-02, -2.987396e-02, -1.549173e-02, 2.556647e-02, 7.381670e-02, 9.264152e-01, 4.504210e-02, -2.243005e-02, 1.757028e-02, -2.987396e-02, 4.504210e-02, 8.966331e-01, -3.047959e-02, -4.068823e-02, -1.549173e-02, -2.243005e-02, -3.047959e-02, 8.322334e-01
6.445220e-01, -7.214308e-03, 1.231482e-02, 2.876590e-02, -3.588787e-02, -7.214308e-03, 4.595341e-01, 2.208353e-02, -1.468849e-02, -8.885647e-02, 1.231482e-02, 2.208353e-02, 8.773751e-01, 1.843397e-02, 6.709016e-02, 2.876590e-02, -1.468849e-02, 1.843397e-02, 8.615956e-01, 3.297781e-02, -3.588787e-02, -8.885647e-02, 6.709016e-02, 3.297781e-02, 7.769140e-01
6.752254e-01, -7.685599e-03, 2.226585e-02, -3.972328e-02, 5.790929e-03, -7.685599e-03, 2.600938e-01, 6.691983e-02, -4.986501e-03, -3.263225e-02, 2.226585e-02, 6.691983e-02, 8.424266e-01, -2.289724e-02, -4.580152e-02, -3.972328e-02, -4.986501e-03, -2.289724e-02, 8.619336e-01, 6.523149e-02, 5.790929e-03, -3.263225e-02, -4.580152e-02, 6.523149e-02, 7.036421e-01
5.477878e-01, -4.348536e-02, 1.161594e-01, 1.281165e-03, -5.984670e-03, -4.348536e-02, 1.401434e-01, 3.803643e-02, -2.920806e-02, -2.834121e-02, 1.161594e-01, 3.803643e-02, 9.614708e-01, -8.378320e-02, -7.384534e-02, 1.281165e-03, -2.920806e-02, -8.378320e-02, 9.417508e-01, 2.546747e-02, -5.984670e-03, -2.834121e-02, -7.384534e-02, 2.546747e-02, 6.230869e-01
