6.234307e-01, 7.382707e-02, -1.260093e-01, 6.468610e-02, 7.382707e-02, 9.789256e-01, -5.718418e-02, 1.501594e-01, -1.260093e-01, -5.718418e-02, 7.686508e-01, -1.698164e-01, 6.468610e-02, 1.501594e-01, -1.698164e-01, 1.072175e+00
3.688454e-01, 7.037392e-02, -5.809715e-02, 1.897751e-02, 7.037392e-02, 8.216887e-01, 9.414595e-03, 1.013338e-01, -5.809715e-02, 9.414595e-03, 6.819818e-01, -1.339037e-01, 1.897751e-02, 1.013338e-01, -1.339037e-01, 7.828758e-01
2.848654e-01, 5.703545e-02, 3.719174e-02, -2.398403e-02, 5.703545e-02, 6.070939e-01, 8.990876e-02, 1.168261e-02, 3.719174e-02, 8.990876e-02, 5.604624e-01, -5.910536e-02, -2.398403e-02, 1.168261e-02, -5.910536e-02, 4.982813e-01
1.914796e-01, 4.961963e-02, 2.773086e-02, -1.669037e-02, 4.961963e-02, 5.282605e-01, 1.003960e-01, -1.512974e-02, 2.773086e-02, 1.003960e-01, 4.519631e-01, -6.008803e-02, -1.669037e-02, -1.512974e-02, -6.008803e-02, 3.690978e-01
1.610388e-01, -1.187959e-02, -1.357818e-02, -2.672518e-02, -1.187959e-02, 5.894296e-01, 4.146155e-02, 7.596306e-05, -1.357818e-02, 4.146155e-02, 2.944961e-01, -5.346140e-02, -2.672518e-02, 7.596306e-05, -5.346140e-02, 3.908986e-01
1.450686e-01, -1.450402e-02, -1.530339e-02, 1.629649e-02, -1.450402e-02, 5.625048e-01, 2.742270e-03, -1.427086e-02, -1.530339e-02, 2.742270e-03, 2.595126e-01, 1.337605e-02, 1.629649e-02, -1.427086e-02, 1.337605e-02, 3.264474e-01
1.245491e-01, 1.692863e-02, -2.184624e-02, -1.049909e-02, 1.692863e-02, 4.409598e-01, 4.202468e-02, -8.630559e-02, -2.184624e-02, 4.202468e-02, 2.254204e-01, -6.659683e-02, -1.049909e-02, -8.630559e-02, -6.659683e-02, 3.557493e-01
1.268357e-01, 3.555691e-03, -3.811264e-02, -5.027954e-02, 3.555691e-03, 4.516403e-01, 4.332586e-02, -3.818808e-02, -3.811264e-02, 4.332586e-02, 1.709799e-01, -2.553089e-02, -5.027954e-02, -3.818808e-02, -2.553089e-02, 3.073316e-01
1.053592e-01, 1.473846e-03, -6.003060e-02, -4.172425e-02, 1.473846e-03, 4.122941e-01, 7.398698e-03, -4.126018e-02, -6.003060e-02, 7.398698e-03, 1.667271e-01, -1.373657e-02, -4.172425e-02, -4.126018e-02, -1.373657e-02, 2.446263e-01
1.042529e-01, 9.004597e-03, -9.261884e-02, -4.244351e-02, 9.004597e-03, 3.864871e-01, -4.124991e-02, -7.584825e-02, -9.261884e-02, -4.124991e-02, 1.920916e-01, 5.811638e-03, -4.244351e-02, -7.584825e-02, 5.811638e-03, 2.174342e-01
8.596049e-02, 7.731385e-03, -7.347051e-02, -4.551235e-02, 7.731385e-03, 3.003990e-01, -1.816341e-02, -7.050459e-02, -7.347051e-02, -1.816341e-02, 1.717615e-01, 1.844452e-02, -4.551235e-02, -7.050459e-02, 1.844452e-02, 1.947770e-01
6.790341e-02, 1.182314e-02, -5.085516e-02, -4.818600e-02, 1.182314e-02, 2.288858e-01, -1.194042e-02, -6.760931e-02, -5.085516e-02, -1.194042e-02, 1.488573e-01, 1.295765e-02, -4.818600e-02, -6.760931e-02, 1.295765e-02, 2.443284e-01
4.371809e-02, 3.269243e-03, -3.217790e-02, -4.241973e-02, 3.269243e-03, 1.806778e-01, 1.286520e-02, -4.572874e-02, -3.217790e-02, 1.286520e-02, 1.027913e-01, 3.482309e-03, -4.241973e-02, -4.572874e-02, 3.482309e-03, 2.174244e-01
3.626359e-02, 9.980813e-03, -2.389492e-02, -3.141501e-02, 9.980813e-03, 1.860197e-01, 7.845055e-03, -3.416284e-02, -2.389492e-02, 7.845055e-03, 7.265656e-02, 4.454325e-03, -3.141501e-02, -3.416284e-02, 4.454325e-03, 1.827077e-01
2.055949e-02, 5.710634e-03, -1.534107e-02, -1.882750e-02, 5.710634e-03, 1.432522e-01, -7.639690e-03, -2.878370e-02, -1.534107e-02, -7.639690e-03, 6.616768e-02, -3.995321e-03, -1.882750e-02, -2.878370e-02, -3.995321e-03, 1.302548e-01
9.467591e-03, 3.512597e-03, -3.584180e-03, -1.237570e-02, 3.512597e-03, 1.114237e-01, -9.586626e-04, -3.634296e-02, -3.584180e-03, -9.586626e-04, 5.560424e-02, -1.505230e-02, -1.237570e-02, -3.634296e-02, -1.505230e-02, 1.092686e-01
3.924058e-03, 2.124305e-03, 5.679181e-04, -7.460255e-03, 2.124305e-03, 9.112988e-02, 7.849344e-03, -5.659974e-02, 5.679181e-04, 7.849344e-03, 5.000579e-02, -3.121688e-02, -7.460255e-03, -5.659974e-02, -3.121688e-02, 1.533800e-01
1.819388e-03, 4.717975e-04, 3.577326e-04, -2.462126e-03, 4.717975e-04, 7.111438e-02, 1.034412e-02, -5.296744e-02, 3.577326e-04, 1.034412e-02, 4.347262e-02, -3.382054e-02, -2.462126e-03, -5.296744e-02, -3.382054e-02, 1.505689e-01
1.186214e-03, -7.325503e-04, -4.757061e-05, -6.610655e-04, -7.325503e-04, 5.338053e-02, 8.655748e-03, -3.957858e-02, -4.757061e-05, 8.655748e-03, 2.981061e-02, -2.679125e-02, -6.610655e-04, -3.957858e-02, -2.679125e-02, 1.166105e-01
6.790690e-04, 4.524456e-04, 5.231128e-04, -9.498249e-04, 4.524456e-04, 4.823732e-02, 4.419387e-03, -2.770560e-02, 5.231128e-04, 4.419387e-03, 2.253378e-02, -2.052618e-02, -9.498249e-04, -2.770560e-02, -2.052618e-02, 9.575744e-02
4.387238e-04, 4.147110e-04, 8.404583e-05, -2.335968e-04, 4.147110e-04, 3.627969e-02, 3.653568e-03, -2.414461e-02, 8.404583e-05, 3.653568e-03, 1.567842e-02, -1.339329e-02, -2.335968e-04, -2.414461e-02, -1.339329e-02, 7.660863e-02
3.086645e-04, -2.375813e-05, 1.216892e-04, -1.821276e-04, -2.375813e-05, 2.658429e-02, 2.743733e-03, -1.785071e-02, 1.216892e-04, 2.743733e-03, 1.418423e-02, -1.201733e-02, -1.821276e-04, -1.785071e-02, -1.201733e-02, 6.515336e-02
2.363997e-04, 4.220253e-04, 1.239524e-04, 2.441266e-05, 4.220253e-04, 2.079222e-02, 1.805034e-03, -1.115184e-02, 1.239524e-04, 1.805034e-03, 9.488798e-03, -6.562466e-03, 2.441266e-05, -1.115184e-02, -6.562466e-03, 5.020493e-02
1.739713e-04, 2.119426e-04, 4.250870e-05, -3.348331e-04, 2.119426e-04, 1.624853e-02, 3.589889e-03, -1.070961e-02, 4.250870e-05, 3.589889e-03, 8.351403e-03, -7.983538e-03, -3.348331e-04, -1.070961e-02, -7.983538e-03, 3.937188e-02
1.679297e-04, 1.884698e-04, -7.914423e-06, -3.445128e-04, 1.884698e-04, 1.365106e-02, 2.136544e-03, -8.689808e-03, -7.914423e-06, 2.136544e-03, 5.396774e-03, -4.781659e-03, -3.445128e-04, -8.689808e-03, -4.781659e-03, 2.800969e-02
1.671986e-04, 3.354865e-04, 6.293333e-05, -5.429002e-04, 3.354865e-04, 9.003360e-03, 1.091362e-03, -6.686780e-03, 6.293333e-05, 1.091362e-03, 3.113557e-03, -2.898000e-03, -5.429002e-04, -6.686780e-03, -2.898000e-03, 2.437252e-02
1.976282e-04, 3.547162e-04, 1.930340e-04, -1.044309e-03, 3.547162e-04, 5.633041e-03, 8.013734e-04, -3.877128e-03, 1.930340e-04, 8.013734e-04, 2.519605e-03, -2.473256e-03, -1.044309e-03, -3.877128e-03, -2.473256e-03, 2.896358e-02
