7.612451e-01, -1.191622e-01, 7.546034e-02, 4.856396e-02, -1.191622e-01, 1.132476e+00, 2.346432e-02, 7.983739e-02, 7.546034e-02, 2.346432e-02, 7.972718e-01, -7.777645e-02, 4.856396e-02, 7.983739e-02, -7.777645e-02, 8.419249e-01
6.966409e-01, -1.914649e-02, 1.891138e-01, 4.241197e-02, -1.914649e-02, 8.855977e-01, -3.588570e-02, -4.737806e-02, 1.891138e-01, -3.588570e-02, 7.761673e-01, 6.235755e-02, 4.241197e-02, -4.737806e-02, 6.235755e-02, 7.495496e-01
5.441347e-01, -2.911596e-02, 1.212043e-01, 4.607655e-02, -2.911596e-02, 6.792556e-01, 8.119087e-02, 3.025801e-02, 1.212043e-01, 8.119087e-02, 6.477239e-01, -8.062755e-02, 4.607655e-02, 3.025801e-02, -8.062755e-02, 8.254541e-01
5.007693e-01, -1.598822e-01, 1.333534e-01, -8.159584e-02, -1.598822e-01, 7.165835e-01, -3.795983e-02, 8.354677e-02, 1.333534e-01, -3.795983e-02, 5.805344e-01, -1.304952e-01, -8.159584e-02, 8.354677e-02, -1.304952e-01, 9.215934e-01
3.483586e-01, -5.773163e-02, 7.475468e-02, -2.880285e-02, -5.773163e-02, 6.598916e-01, -5.508424e-02, -3.153506e-02, 7.475468e-02, -5.508424e-02, 6.194864e-01, -2.868540e-02, -2.880285e-02, -3.153506e-02, -2.868540e-02, 6.749917e-01
1.825365e-01, 2.909260e-02, 3.215313e-02, -1.989756e-02, 2.909260e-02, 6.971304e-01, -1.086726e-01, 6.484495e-02, 3.215313e-02, -1.086726e-01, 6.200484e-01, -4.744733e-02, -1.989756e-02, 6.484495e-02, -4.744733e-02, 5.374760e-01
8.683091e-02, 4.975946e-03, 9.561996e-03, -2.041744e-02, 4.975946e-03, 5.865841e-01, -9.451936e-02, 9.704508e-02, 9.561996e-03, -9.451936e-02, 5.262515e-01, -3.326266e-02, -2.041744e-02, 9.704508e-02, -3.326266e-02, 4.095471e-01
4.202126e-02, -1.121796e-02, 3.335760e-02, -1.487462e-02, -1.121796e-02, 5.685332e-01, -1.362988e-01, 8.440572e-02, 3.335760e-02, -1.362988e-01, 4.779387e-01, -5.972458e-02, -1.487462e-02, 8.440572e-02, -5.972458e-02, 3.606643e-01
2.011760e-02, -1.341767e-02, 3.373764e-02, -1.550545e-02, -1.341767e-02, 4.840831e-01, -1.481631e-01, 8.913051e-02, 3.373764e-02, -1.481631e-01, 4.877354e-01, -1.323859e-01, -1.550545e-02, 8.913051e-02, -1.323859e-01, 3.439513e-01
8.122594e-03, -7.605033e-03, 1.165428e-02, -7.094399e-03, -7.605033e-03, 4.282913e-01, -1.423431e-01, 1.228901e-01, 1.165428e-02, -1.423431e-01, 3.996933e-01, -1.399652e-01, -7.094399e-03, 1.228901e-01, -1.399652e-01, 3.497157e-01
4.757566e-03, 1.226591e-02, 3.645740e-03, -1.031277e-02, 1.226591e-02, 5.936249e-01, -2.055080e-01, 6.348006e-02, 3.645740e-03, -2.055080e-01, 4.391374e-01, -1.401628e-01, -1.031277e-02, 6.348006e-02, -1.401628e-01, 3.629582e-01
2.664831e-03, 3.159142e-03, 1.702228e-04, -7.642157e-03, 3.159142e-03, 5.332467e-01, -1.711486e-01, 1.191624e-01, 1.702228e-04, -1.711486e-01, 3.677069e-01, -1.066209e-01, -7.642157e-03, 1.191624e-01, -1.066209e-01, 3.173343e-01
1.732469e-03, -3.095027e-04, -3.627491e-03, -2.153799e-03, -3.095027e-04, 4.923650e-01, -1.982271e-01, 1.417956e-01, -3.627491e-03, -1.982271e-01, 4.150435e-01, -1.620157e-01, -2.153799e-03, 1.417956e-01, -1.620157e-01, 3.115766e-01
1.447687e-03, 2.615956e-03, -6.733541e-03, 3.672980e-03, 2.615956e-03, 4.374907e-01, -2.541878e-01, 2.123587e-01, -6.733541e-03, -2.541878e-01, 5.141870e-01, -2.442562e-01, 3.672980e-03, 2.123587e-01, -2.442562e-01, 4.052949e-01
1.281909e-03, -2.984335e-03, -1.074905e-03, -1.292112e-03, -2.984335e-03, 5.163046e-01, -3.001792e-01, 2.640240e-01, -1.074905e-03, -3.001792e-01, 4.716381e-01, -2.217661e-01, -1.292112e-03, 2.640240e-01, -2.217661e-01, 4.213921e-01
1.034594e-03, -2.176590e-03, 1.333821e-03, -2.621838e-03, -2.176590e-03, 5.150694e-01, -2.876579e-01, 2.656123e-01, 1.333821e-03, -2.876579e-01, 4.267836e-01, -2.671850e-01, -2.621838e-03, 2.656123e-01, -2.671850e-01, 4.122552e-01
6.752193e-04, -1.895965e-04, 1.767076e-03, -2.509444e-03, -1.895965e-04, 6.597785e-01, -3.758872e-01, 3.454520e-01, 1.767076e-03, -3.758872e-01, 4.279704e-01, -2.884797e-01, -2.509444e-03, 3.454520e-01, -2.884797e-01, 4.081002e-01
6.604879e-04, 1.134521e-03, 8.416220e-04, -2.442333e-03, 1.134521e-03, 7.543246e-01, -3.513440e-01, 3.794197e-01, 8.416220e-04, -3.513440e-01, 3.503412e-01, -2.287215e-01, -2.442333e-03, 3.794197e-01, -2.287215e-01, 4.337614e-01
5.442848e-04, 5.605151e-03, -1.899603e-03, 7.085894e-04, 5.605151e-03, 7.725508e-01, -4.163676e-01, 3.904495e-01, -1.899603e-03, -4.163676e-01, 4.069902e-01, -2.652456e-01, 7.085894e-04, 3.904495e-01, -2.652456e-01, 3.774612e-01
4.654163e-04, 8.588384e-03, -5.173233e-03, 4.131824e-03, 8.588384e-03, 9.017981e-01, -4.625072e-01, 5.103920e-01, -5.173233e-03, -4.625072e-01, 3.990820e-01, -3.223474e-01, 4.131824e-03, 5.103920e-01, -3.223474e-01, 4.143587e-01
3.256271e-04, 7.167753e-03, -4.885700e-03, 3.549516e-03, 7.167753e-03, 8.544845e-01, -4.666061e-01, 3.939767e-01, -4.885700e-03, -4.666061e-01, 3.777440e-01, -2.521469e-01, 3.549516e-03, 3.939767e-01, -2.521469e-01, 2.814590e-01
3.144681e-04, 2.894101e-03, -2.918816e-03, 3.007756e-03, 2.894101e-03, 5.911728e-01, -3.014919e-01, 2.296912e-01, -2.918816e-03, -3.014919e-01, 2.470699e-01, -1.495542e-01, 3.007756e-03, 2.296912e-01, -1.495542e-01, 1.660603e-01
2.431494e-04, 2.037307e-03, -7.598425e-04, 2.240515e-03, 2.037307e-03, 4.225353e-01, -2.153311e-01, 1.333057e-01, -7.598425e-04, -2.153311e-01, 1.835716e-01, -8.171113e-02, 2.240515e-03, 1.333057e-01, -8.171113e-02, 1.000424e-01
1.817957e-04, 6.242372e-04, -1.517498e-04, 1.692814e-03, 6.242372e-04, 3.412101e-01, -1.917015e-01, 6.474605e-02, -1.517498e-04, -1.917015e-01, 1.669565e-01, -3.591243e-02, 1.692814e-03, 6.474605e-02, -3.591243e-02, 6.053054e-02
1.638981e-04, -1.902434e-03, 1.330716e-03, 1.053531e-03, -1.902434e-03, 4.169419e-01, -2.454881e-01, 2.929306e-02, 1.330716e-03, -2.454881e-01, 2.110168e-01, -2.066914e-02, 1.053531e-03, 2.929306e-02, -2.066914e-02, 3.592972e-02
1.506013e-04, -1.477671e-03, 1.436852e-03, 9.844487e-04, -1.477671e-03, 3.171193e-01, -1.952447e-01, 2.311106e-02, 1.436852e-03, -1.952447e-01, 1.715039e-01, -1.611043e-02, 9.844487e-04, 2.311106e-02, -1.611043e-02, 2.868399e-02
1.364785e-04, -1.702138e-03, 1.287198e-03, 1.124380e-03, -1.702138e-03, 2.647647e-01, -1.636460e-01, 5.517924e-04, 1.287198e-03, -1.636460e-01, 1.392300e-01, -3.154829e-03, 1.124380e-03, 5.517924e-04, -3.154829e-03, 2.388264e-02
1.197038e-04, -8.467231e-04, 7.858405e-04, 8.823667e-04, -8.467231e-04, 2.162335e-01, -1.311120e-01, 1.144423e-02, 7.858405e-04, -1.311120e-01, 1.053487e-01, -8.798466e-03, 8.823667e-04, 1.144423e-02, -8.798466e-03, 2.275886e-02
