6.420650e-01, 3.992234e-02, -7.492396e-02, -1.610197e-02, 3.992234e-02, 8.370954e-01, -1.330394e-01, -1.602966e-01, -7.492396e-02, -1.330394e-01, 9.178375e-01, 1.665594e-01, -1.610197e-02, -1.602966e-01, 1.665594e-01, 9.156168e-01
3.817741e-01, 3.482481e-02, 2.808767e-03, -5.949434e-02, 3.482481e-02, 7.089408e-01, -9.995649e-02, -8.884201e-02, 2.808767e-03, -9.995649e-02, 7.980994e-01, 1.123177e-01, -5.949434e-02, -8.884201e-02, 1.123177e-01, 7.753996e-01
1.963363e-01, 2.199784e-02, 1.585751e-02, -3.322203e-02, 2.199784e-02, 5.837287e-01, -1.538372e-01, -3.599269e-02, 1.585751e-02, -1.538372e-01, 7.504100e-01, 2.640721e-02, -3.322203e-02, -3.599269e-02, 2.640721e-02, 5.978546e-01
