4.432148e-01, 3.463388e-02, -5.055964e-02, -1.044969e-03, 3.463388e-02, 8.443317e-01, -9.023727e-02, 9.362188e-02, -5.055964e-02, -9.023727e-02, 9.521175e-01, 5.614747e-02, -1.044969e-03, 9.362188e-02, 5.614747e-02, 9.595166e-01
2.053350e-01, -1.611792e-02, 4.105132e-02, 2.600222e-02, -1.611792e-02, 7.436123e-01, -3.057973e-02, 5.834506e-02, 4.105132e-02, -3.057973e-02, 7.976251e-01, 5.162590e-02, 2.600222e-02, 5.834506e-02, 5.162590e-02, 8.707161e-01
1.245540e-01, 1.283419e-02, 6.940865e-02, 4.795048e-02, 1.283419e-02, 7.228745e-01, 6.246138e-02, 5.636989e-02, 6.940865e-02, 6.246138e-02, 7.171573e-01, 1.981829e-03, 4.795048e-02, 5.636989e-02, 1.981829e-03, 8.741513e-01
8.020695e-02, -3.304050e-02, 3.763352e-02, 2.983829e-02, -3.304050e-02, 7.685519e-01, -1.102153e-01, -4.040532e-02, 3.763352e-02, -1.102153e-01, 6.598366e-01, -6.541553e-03, 2.983829e-02, -4.040532e-02, -6.541553e-03, 6.152514e-01
4.786399e-02, -2.928703e-02, 2.411352e-02, 2.084367e-02, -2.928703e-02, 7.279624e-01, 2.434141e-02, 8.230790e-02, 2.411352e-02, 2.434141e-02, 7.707950e-01, 6.924349e-02, 2.084367e-02, 8.230790e-02, 6.924349e-02, 4.319706e-01
2.973731e-02, -1.788804e-02, -2.688525e-03, 6.965581e-03, -1.788804e-02, 6.330931e-01, 1.189169e-01, 1.687120e-01, -2.688525e-03, 1.189169e-01, 7.642259e-01, 2.089502e-01, 6.965581e-03, 1.687120e-01, 2.089502e-01, 5.105734e-01
2.320108e-02, -2.793661e-03, 2.903612e-04, 1.217742e-02, -2.793661e-03, 4.605465e-01, 1.156669e-01, 2.154666e-01, 2.903612e-04, 1.156669e-01, 5.947806e-01, 1.984091e-01, 1.217742e-02, 2.154666e-01, 1.984091e-01, 6.560888e-01
1.595883e-02, 2.835441e-04, -3.170882e-03, 1.058492e-02, 2.835441e-04, 3.242503e-01, 5.833647e-02, 1.134278e-01, -3.170882e-03, 5.833647e-02, 4.764433e-01, 1.397677e-01, 1.058492e-02, 1.134278e-01, 1.397677e-01, 5.923551e-01
