4.117682e-01, -1.180438e-03, -1.762114e-02, 9.226328e-03, -1.180438e-03, 9.640095e-01, -1.082623e-01, 4.992845e-03, -1.762114e-02, -1.082623e-01, 9.274951e-01, 5.265002e-02, 9.226328e-03, 4.992845e-03, 5.265002e-02, 8.454873e-01
1.686401e-01, -2.526746e-02, 4.909958e-02, 4.092140e-03, -2.526746e-02, 9.348720e-01, -1.716806e-01, -3.441681e-02, 4.909958e-02, -1.716806e-01, 8.391342e-01, 2.165337e-02, 4.092140e-03, -3.441681e-02, 2.165337e-02, 7.066994e-01
7.144839e-02, 2.038127e-02, 4.291413e-03, -1.525223e-02, 2.038127e-02, 8.681000e-01, -1.797117e-01, -5.837009e-02, 4.291413e-03, -1.797117e-01, 7.424572e-01, 4.983364e-02, -1.525223e-02, -5.837009e-02, 4.983364e-02, 7.326509e-01
4.798580e-02, -2.426548e-02, -9.610628e-03, 1.024347e-02, -2.426548e-02, 9.631093e-01, -4.347104e-02, -5.125103e-02, -9.610628e-03, -4.347104e-02, 8.523727e-01, -1.711306e-02, 1.024347e-02, -5.125103e-02, -1.711306e-02, 5.574441e-01
3.375800e-02, -3.242785e-02, 7.289827e-03, -2.429770e-02, -3.242785e-02, 9.994581e-01, -1.024652e-01, 1.738079e-01, 7.289827e-03, -1.024652e-01, 6.738797e-01, -8.886665e-02, -2.429770e-02, 1.738079e-01, -8.886665e-02, 7.865406e-01
2.681609e-02, -1.036255e-02, -7.975514e-03, -2.466865e-02, -1.036255e-02, 8.847994e-01, -3.166739e-02, 1.928331e-01, -7.975514e-03, -3.166739e-02, 5.279277e-01, 5.290639e-02, -2.466865e-02, 1.928331e-01, 5.290639e-02, 7.696677e-01
1.991423e-02, -7.203925e-03, 3.979747e-03, 1.401720e-02, -7.203925e-03, 9.532821e-01, 1.371614e-01, 1.320487e-01, 3.979747e-03, 1.371614e-01, 4.993616e-01, 9.105333e-02, 1.401720e-02, 1.320487e-01, 9.105333e-02, 9.073356e-01
1.915571e-02, 2.618246e-03, 6.323577e-03, -1.341968e-02, 2.618246e-03, 8.264906e-01, 1.965428e-01, 1.585955e-01, 6.323577e-03, 1.965428e-01, 6.389498e-01, 2.233612e-01, -1.341968e-02, 1.585955e-01, 2.233612e-01, 9.760299e-01
2.041158e-02, 5.540880e-03, 1.572626e-02, -3.307141e-03, 5.540880e-03, 7.007600e-01, 1.122464e-01, 1.244437e-01, 1.572626e-02, 1.122464e-01, 5.608924e-01, 6.541366e-02, -3.307141e-03, 1.244437e-01, 6.541366e-02, 7.539998e-01
1.761949e-02, -2.138824e-03, 2.466741e-02, -9.684775e-03, -2.138824e-03, 7.284160e-01, -2.035079e-02, 1.912883e-01, 2.466741e-02, -2.035079e-02, 4.814660e-01, -1.992857e-02, -9.684775e-03, 1.912883e-01, -1.992857e-02, 6.170746e-01
1.418684e-02, -1.920612e-02, 1.128878e-02, -6.706171e-03, -1.920612e-02, 6.747914e-01, 9.439790e-03, 1.774509e-01, 1.128878e-02, 9.439790e-03, 4.046836e-01, 8.168752e-02, -6.706171e-03, 1.774509e-01, 8.168752e-02, 5.283422e-01
1.225218e-02, -1.977333e-02, 7.620463e-03, -1.385078e-02, -1.977333e-02, 6.173845e-01, 9.701349e-03, 1.831790e-01, 7.620463e-03, 9.701349e-03, 3.416703e-01, 3.770731e-02, -1.385078e-02, 1.831790e-01, 3.770731e-02, 5.099796e-01
1.161841e-02, -1.767161e-02, 3.454956e-03, 1.190987e-02, -1.767161e-02, 5.196400e-01, 5.276597e-02, 1.461092e-01, 3.454956e-03, 5.276597e-02, 2.770580e-01, 5.700264e-02, 1.190987e-02, 1.461092e-01, 5.700264e-02, 6.667022e-01
8.196788e-03, -1.124870e-02, -8.046284e-03, 1.378002e-03, -1.124870e-02, 4.113484e-01, 2.070024e-02, 1.727187e-01, -8.046284e-03, 2.070024e-02, 2.579012e-01, 6.176694e-02, 1.378002e-03, 1.727187e-01, 6.176694e-02, 6.721890e-01
4.580846e-03, -8.197553e-03, 1.683889e-03, -4.766567e-03, -8.197553e-03, 3.966697e-01, 2.416641e-02, 1.364271e-01, 1.683889e-03, 2.416641e-02, 2.342571e-01, 1.571719e-02, -4.766567e-03, 1.364271e-01, 1.571719e-02, 5.419008e-01
2.963049e-03, -5.231997e-03, -2.753993e-03, -2.555085e-03, -5.231997e-03, 3.406445e-01, 5.245022e-02, 1.427573e-01, -2.753993e-03, 5.245022e-02, 3.189613e-01, 3.546702e-02, -2.555085e-03, 1.427573e-01, 3.546702e-02, 4.773243e-01
1.828798e-03, -6.169926e-03, 1.370839e-03, -7.554994e-04, -6.169926e-03, 3.148159e-01, 4.436111e-02, 1.165182e-01, 1.370839e-03, 4.436111e-02, 2.786588e-01, 2.708772e-02, -7.554994e-04, 1.165182e-01, 2.708772e-02, 3.785617e-01
9.879742e-04, -2.475083e-03, 1.879770e-03, 2.231008e-04, -2.475083e-03, 3.119216e-01, 3.970421e-02, 9.995549e-02, 1.879770e-03, 3.970421e-02, 2.069126e-01, 2.795177e-02, 2.231008e-04, 9.995549e-02, 2.795177e-02, 3.615653e-01
7.183287e-04, -2.010710e-03, 3.333846e-03, 6.922552e-04, -2.010710e-03, 2.251739e-01, 2.900349e-02, 6.653486e-02, 3.333846e-03, 2.900349e-02, 1.669647e-01, 1.208825e-02, 6.922552e-04, 6.653486e-02, 1.208825e-02, 2.903300e-01
4.775063e-04, -2.762754e-04, 2.336483e-03, 2.166984e-03, -2.762754e-04, 1.757191e-01, 2.291432e-02, 6.957265e-02, 2.336483e-03, 2.291432e-02, 1.416267e-01, 2.532668e-02, 2.166984e-03, 6.957265e-02, 2.532668e-02, 2.902097e-01
2.963944e-04, -5.931631e-04, 7.166816e-04, 1.314702e-03, -5.931631e-04, 2.136631e-01, 6.734676e-02, 1.381560e-01, 7.166816e-04, 6.734676e-02, 1.360132e-01, 7.023329e-02, 1.314702e-03, 1.381560e-01, 7.023329e-02, 3.385699e-01
1.840080e-04, 8.491423e-04, 5.414387e-04, 1.044962e-03, 8.491423e-04, 1.982365e-01, 5.264124e-02, 9.252544e-02, 5.414387e-04, 5.264124e-02, 1.161858e-01, 6.516077e-02, 1.044962e-03, 9.252544e-02, 6.516077e-02, 3.073022e-01
9.620734e-05, 4.829418e-04, 9.217800e-04, 3.033631e-04, 4.829418e-04, 1.803574e-01, 4.112450e-02, 7.562611e-02, 9.217800e-04, 4.112450e-02, 9.333232e-02, 5.324216e-02, 3.033631e-04, 7.562611e-02, 5.324216e-02, 2.733761e-01
5.073626e-05, 6.500199e-05, 7.565466e-04, 2.124042e-04, 6.500199e-05, 1.394083e-01, 2.969349e-02, 5.051734e-02, 7.565466e-04, 2.969349e-02, 7.747713e-02, 4.769581e-02, 2.124042e-04, 5.051734e-02, 4.769581e-02, 2.447038e-01
3.121362e-05, -1.772537e-04, 6.240681e-04, 3.840694e-04, -1.772537e-04, 1.278266e-01, 2.092545e-02, 4.855091e-02, 6.240681e-04, 2.092545e-02, 6.072441e-02, 3.976582e-02, 3.840694e-04, 4.855091e-02, 3.976582e-02, 2.386957e-01
2.879714e-05, -3.356382e-04, 8.109870e-04, -1.670070e-04, -3.356382e-04, 1.108591e-01, 1.604748e-02, 6.643956e-02, 8.109870e-04, 1.604748e-02, 5.948834e-02, 2.650427e-02, -1.670070e-04, 6.643956e-02, 2.650427e-02, 2.163921e-01
2.352047e-05, -3.202130e-04, 6.975683e-04, -9.329508e-05, -3.202130e-04, 8.744953e-02, 1.468138e-02, 3.197695e-02, 6.975683e-04, 1.468138e-02, 4.885620e-02, 9.732637e-03, -9.329508e-05, 3.197695e-02, 9.732637e-03, 1.883729e-01
1.450325e-05, -2.717360e-04, 3.860713e-04, -2.551720e-05, -2.717360e-04, 9.991947e-02, 8.534348e-03, 4.018515e-02, 3.860713e-04, 8.534348e-03, 3.548810e-02, 1.070835e-02, -2.551720e-05, 4.018515e-02, 1.070835e-02, 1.768623e-01
1.015898e-05, -3.351871e-04, 1.563708e-04, -2.795694e-04, -3.351871e-04, 9.299797e-02, 1.315694e-02, 5.179253e-02, 1.563708e-04, 1.315694e-02, 2.266809e-02, 1.297258e-02, -2.795694e-04, 5.179253e-02, 1.297258e-02, 1.599735e-01
